Nome;Pergunta;Resposta
Tafinlar;Quais são os riscos para a saúde relacionados ao uso de Tafinlar?;Alguns dos efeitos colaterais de Tafinlar podem incluir febre, espessamento da pele, crescimentos de verrugas, vermelhidão e inchaço nas palmas, dedos e solas dos pés, dor de cabeça, vômito, náusea, diarreia, diminuição do apetite, arrepios, sensação de fraqueza, falta de energia, dores nas articulações, nos músculos ou nas mãos ou pés, tosse, perda de cabelo, prisão de ventre, gripe ou aumento do açúcar no sangue.
Tandriflan;Quais os males que Tandriflan pode me causar?;Os efeitos colaterais que podem ocorrer com o uso deste medicamento são distúrbios gastrintestinais como dispepsia, dor epigástrica, recorrência de úlcera péptica, náuseas, vômitos e diarreia.
Oto;Quais são os possíveis efeitos colaterais associados a Oto?;Os efeitos colaterais que podem ocorrer com o uso deste medicamento são infecções secundárias por bactérias e fungos não sensíveis aos antibióticos contidos na fórmula, alterações no exame de sangue e reações de hipersensibilidade.
Tamiflu cápsulas;O que Tamiflu cápsulas pretende tratar?;Tamiflu cápsulas é indicado para prevenção da gripe, em adultos e crianças com mais de 1 ano de idade.
Damater;Quais são as contraindicações para Damater?;Damater está contraindicado para crianças e idosos e pacientes com alergia a algum dos componentes da fórmula.
Trimedal;Quais são as instruções para o uso correto de Trimedal?;A dose recomendada para adultos é de 1 comprimido, de 8 em 8 horas.
Tremfya;Como usar Tremfya?;O Tremfya é indicado para uso subcutâneo, sob a orientação e supervisão de um médico experiente no diagnóstico e tratamento de psoríase em placas.
Fluimucil;Qual é o mecanismo de ação de Fluimucil?;O Fluimucil contém acetilcisteína na sua composição, que é um medicamento expectorante que ajuda a eliminar as secreções produzidas nos pulmões, facilitando a respiração.
Copaxone;De que maneira Copaxone deve ser administrado?;A dose recomendada para adultos de Copaxone para o tratamento da esclerose múltipla remissiva recidivante é de 20 mg/dia injetada subcutaneamente. Copaxone deve ser aplicado à mesma hora, todos os dias. Os locais indicados para a auto-injeção são os braços, abdômen, quadris e coxas. Deve-se usar um local diferente para aplicação a cada dia, sugerindo-se seguir o sentido horário ou anti-horário, visando reduzir a propensão a irritações locais ou dor resultante da injeção. A droga foi projetada para tratamento de longo prazo e seu uso não deve ser interrompido, a menos que seja indicado por um médico. - Incompatibilidades: Copaxone não deve ser misturado ou co-administrado com outros produtos além da Água para Injeção para reconstituição, antes de usar. - Uso em pediatria: a segurança e eficácia de Copaxone não foram estabelecidas para indivíduos com menos de 18 anos de idade. - Uso em geriatria: Copaxone não foi estudado especificamente com idosos. - Uso em pacientes com insuficiência renal: a farmacocinética de Copaxone em pacientes com insuficiência renal ainda não foi estabelecida. - Superdosagem: doses diárias de até 30 mg em humanos não foram associadas a outros efeitos colaterais, além dos mencionados anteriormente. Não há experiência com dosagens mais elevadas. Não há relato de superdose com Copaxone. Não há antídoto específico. O tratamento consiste da interrupção do uso de Copaxone, enquanto o paciente é vigiado por, pelo menos, dez horas e faz-se terapia de suporte adequada aos sintomas.
Oftpred;Quais são os possíveis efeitos colaterais associados a Oftpred?;Como acontece com qualquer medicamento, podem ocorrer efeitos colaterais com a aplicação de Oftpred suspensão oftálmica.
Angipress CD;Qual é a posologia recomendada para Angipress CD?;A posologia deve ser individualizada.
Tramal;De que maneira Tramal deve ser administrado?;O medicamento deve ser tomado conforme for orientado pelo médico e a dose deve ser ajustada à intensidade da dor e a menor dose analgésica deve ser tomada.
Sineflex;Quais são os processos biológicos desencadeados por Sineflex?;Sineflex é um suplemento alimentar queimador de gordura e termogênico, que apresenta um sistema bloqueador de gordura e propriedades estimulantes termogênicas. Sineflex possui na sua fórmula uma combinação de cafeína e sinefrina, que promovem o aumento na quantidade de denosina 3′,5′- monofosfato cíclico, o que resulta num forte estímulo na quebra de gordura.
Miconazol;Quais são os possíveis efeitos colaterais associados a Miconazol?;Geralmente, este remédio é bem tolerado. No entanto, existem relatos isolados de irritação, formação de bolhas ou de sensação de queimação associados com a utilização deste produto.
Merthiolate Solução Desinfetante;Quais são os riscos para a saúde relacionados ao uso de Merthiolate Solução Desinfetante?;Alguns dos efeitos colaterais de Merthiolate podem incluir reações de alergia na pele como vermelhidão, ardor, coceira e inchaço no local da aplicação.
Nedax Plus;Quais são os riscos para a saúde relacionados ao uso de Nedax Plus?;Em estudos clínicos, aproximadamente 75% dos pacientes tratados com a permetrina a 5% que continuaram a manifestar sensação de prurido, após duas semanas de tratamento, tiveram o sintoma cessado após quatro semanas. Nos estudos clínicos, geralmente foram reportadas sensações leves e passageiras de queimação e picada, em 10% dos pacientes, e estavam associadas com a severidade da infestação. Prurido foi relatado em 7% dos pacientes em diferentes períodos após a aplicação. Eritema, dormência, formigamento e erupções cutâneas foram relatadas em 1 a 2% ou menos dos pacientes.
Aimovig;Quais os males que Aimovig pode me causar?;Os efeitos colaterais mais comuns que podem ocorrer com este medicamento são reações no local da injecção e prisão de ventre.
Forten;Como funciona Forten?;Forten​ é um medicamento que tem na sua composição uma associação dos principais aminoácidos e de Vitamina B12, fornecendo ao organismo as substâncias biológicas necessárias para a normalização do metabolismo do corpo, principalmente dos sistemas nervoso central e muscular.
Sedalex;Quais são as contraindicações para Sedalex?;Sedalex está contraindicado para mulheres grávidas e crianças, pacientes com glaucoma, obstrução pilórica ou duodenal, acalasia do esôfago, úlcera péptica estenosante, hipertrofia prostática, obstrução do colo da bexiga, Miastenia grave, pacientes com porfiria aguda do fígado intermitente, deficiência congênita da glicose-6-fosfatodesidrogenase, função da medula óssea insuficiente ou doenças do sistema hematopoiético, pacientes com historial de broncospasmo ou asma causados por reações anafiláticas a medicamentos como salicilatos, paracetamol, diclofenaco, ibuprofeno, indometacina e naproxeno, pacientes com alergia aos derivados de pirazolonas como fenazona ou propifenazona ou a pirazolidinas como fenilbutazona ou oxifembutazona e para pacientes com alergia ao Citrato de orfenadrina, à Dipirona sódica, à Cafeína​ ou a algum dos componentes da fórmula.
Dexamex;Quais são as orientações específicas para utilizar Dexamex?;"Comprimidos e Elixir: as doses são variáveis e devem ser utilizadas pelo médico de acordo com a enfermidade, idade, quadro clínico geral e resposta do paciente; a dose inicial varia de 0,75 mg a 9 mg ao dia, devendo ser reduzida gradativamente.Creme dermatológico: aplicação tópica 2 a 4 vezes ao dia; se necessário cobrir o local com um curativo poroso (gase)."
Clorpromaz;Quais são os possíveis efeitos colaterais associados a Clorpromaz?;"Algumas reações adversas do Clorpromaz são mais prováveis de ocorrer ou ocorrem com maior intensidade em pacientes com problemas médicos especiais (por exemplo, pacientes com insuficiência mitral ou feocromocitoma tem experimentado hipotensão severa após o uso das doses recomendadas).Pode ocorrer sonolência, normalmente leve ou moderada, particularmente durante a primeira ou segunda semana. Depois desse período, ela normalmente desaparece. Se persistir, pode ser necessária redução da dosagem.Apesar da incidência de icterícia ser baixa, pode ser um indicativo de reação de sensibilidade.Hipotensão ortostática, taquicardia, desmaio e tontura têm ocorrido após a primeira injeção e, ocasionalmente, após injeções subseqüentes.Pacientes recebendo fenotiazinas podem apresentar alterações no eletrocardiograma.Podem ocorrer reações extrapiramidais, incluindo distonias (espasmos da musculatura do pescoço, dificuldade para engolir, crises oculógiras, etc.), agitação motora (agitação, tremores e, algumas vezes, insônia), pseudoparkinsonismo e discinesia tardia.Sintomas psicóticos e estados do tipo catatônico têm sido reportados raramente.Reações alérgicas: urticária leve ou fotosensibilidade.Endócrinas e Metabólicas: amenorréia, galactorréia, ginecomastia, hiperprolactinemia, hiperglicemia, hipoglicemia, glicosúria.Reações autonômicas: boca seca, congestão nasal, obstipação, constipação, íleo adinâmico, retenção urinária, priapismo, miose e midríase, cólon atônico, desordens de ejaculação/impotência.Hematológicas: agranulocitose, eosinofilia, leucopenia, anemia hemolítica, anemia aplástica, púrpura trombocitopênica e pancitopenia.Outras: febre moderada após injeção IM; hiperpirexia; aumento de apetite e ganho de peso; edema periférico; síndrome do tipo lupus eritematoso sistêmico.Pigmentação da pele e alterações oculares têm ocorrido com o uso prolongado de doses altas de Clorpromaz."
Sigmaliv;Quando não devo usar Sigmaliv?;Este remédio não deve ser usado em pessoas com hipersensibilidade a qualquer um dos componentes da fórmula, durante a gravidez ou a amamentação.
Estriopax;Para que serve Estriopax?;Estriopax é indicado como de Terapia de Reposição Hormonal para o tratamento de queixas da menopausa e para melhorar a cicatrização após cirurgias vaginais e auxiliar na avaliação da secreção vaginal em mulheres na pós-menopausa, em mulheres.
Zerbaxa;Qual é o propósito principal de Zerbaxa na área da saúde?;O Zerbaxa é um medicamento que pode ser usado no tratamento de uma variedade de infeções bacterianas.
Gynomax creme;Qual é o propósito principal de Gynomax creme na área da saúde?;Indicado para tratar infecções e inflamações dos genitais femininos e da vagina causadas por fungos e bactérias.
Piroxene;Quais são os possíveis efeitos colaterais associados a Piroxene?;"A incidência de reações adversas é baseada em pesquisas clínicas.Aproximadamente 30% de todos os pacientes que receberam doses diárias de 20 mgexperimentaram efeitos colaterais. Sintomas gastrintestinais são os mais freqüentementeencontrados, mas na maioria dos casos não interferem no curso do tratamento. Estas reaçõesincluem: estomatites, anorexia, desconforto epigástrico, náuseas, constipação, desconfortoabdominal, flatulência, diarréia, dor abdominal e indigestão.Dos pacientes que experimentaram efeitos colaterais gastrintestinais, aproximadamente 5%interromperam o tratamento com uma incidência total de úlcera péptica de aproximadamente1%.Outras reações gastrintestinais ocorreram com menor freqüência, tais como: disfunçãohepática, vômitos, hematemese, melena, sangramentos gastrintestinais, perfuração eulceração, boca seca.Podem ocorrer efeitos sobre o SNC tais como tontura, sonolência, cefaléia, vertigem e outrosmenos freqüentes como depressão, insônia, nervosismo, alucinação, alterações de humor,pesadelos, confusão mental e parestesias.Edema dos olhos, visão turva e irritações ocorrem menos freqüentemente.Reações dérmicas de hipersensibilidade na forma de ""rash"" cutâneo e prurido podem ocorrer.Menos freqüentemente podem aparecer sudorese, eritema, descamação, dermatite esfoliativa,eritema multiforme, necrólises epidérmicas tóxicas, síndrome de Stevens-Johnson, reaçõesvesículo-bolhosas e reações fotoalérgicas da pele.Pode ocorrer diminuição na hemoglobina e no hematócrito, anemia, leucopenia, eosinofilia ecom menos freqüência trombocitopenia, petéquias, equimose, depressão da medula ósseaincluindo anemia aplástica e epistaxe.Efeitos relacionados ao sistema cardiovascular e respiratório podem ocorrer, tais como edemae menos freqüentemente hipertensão, piora do quadro de insuficiência cardíaca congestiva eda angina, palpitações e dispnéia.Alterações metabólicas como hipoglicemia, hiperglicemia, aumento ou diminuição do pesopodem ser raramente observadas.Também podem ser observadas reações de hipersensibilidade como anafilaxia,broncoespasmo, urticária/angioedema, vasculites e doenças do soro. Casos esporádicos deanticorpos antinucleares (ANA) têm sido relatados.Pode ocorrer elevação da creatinina e raramente disúria."
Priorix;Em que circunstâncias eu não deveria utilizar Priorix?;Assim como OCORRE COM outras vacinas, a administração de Priorix deve ser adiada em indivíduos apresentando doença febril aguda grave. A presença de infecção leve, no entanto, não é contra-indicação para a vacinação.Priorix é contra-indicada PARA indivíduos com hipersensibilidade sistêmica E conhecida à neomicina ou a qualquer outro componente da vacina. Um histórico de dermatite de contato à neomicina não é contra-indicação.Priorix não deve ser administrada EM indivíduos com respostas imunOdeficientes. Isto inclui pacientes com imunodeficiências primária ou secundária.Entretanto, as vacinas combinadas contra sarampo, caxumba e rubéola podem ser administradas EM pessoas assintomáticas infectadas pelo vírus HIV, sem conseqüências adversas para A doença, e as vacinas também podem ser consideradas para aqueles indivíduos que são sintomáticos.É contra-indicado administrar Priorix EM mulheres grávidas. Além disso, a gravidez deve ser evitada por três meses após a vacinação.
Tafinlar;Como usar Tafinlar?;Geralmente a dose recomendada é de 2 cápsulas de 75 mg, administradas 2 vezes por dia.
Andriodermol;Quais são os processos biológicos desencadeados por Andriodermol?;Andriodermol é um medicamento antimicótico que tem na sua composição Ácido undecilênico, Undecilenato de zinco, Propionato de cálcio e Hexilresorcinol, compostos capazes de tratar micoses nas unhas e na superfície da pele. Estes compostos apresentam propriedades fungicida, fungistática, bacteriostática e bactericida, e são ativos contra alguns fungos patogênicos, incluindo Epidermophyton, Trichophyton e Microsporum sp.
Sedilax;Quais são os processos biológicos desencadeados por Sedilax?;O Sedilax tem uma ação relaxante muscular, anti-inflamatória e analgésica.
Dexason creme;Quais são as contraindicações para Dexason creme?;Este medicamento não deve ser aplicado em presença de tuberculose da pele, varicelas, infecção por fungo ou herpes simples. não usar em pacientes com história de hipersensibilidade conhecida a corticóides. não aplicar no ouvido se houver perfuração na membrana do tímpano.
Haar;O que Haar pretende tratar?;O Haar-intern é um medicamento destinado ao tratamento e profilaxia de hipovitaminoses A, B6 e D3.
Atlansil;Existem reações adversas conhecidas de Atlansil?;"Microdepósitos corneanos, fototoxicidade cutânea, pigmentação grisácea cutânea (todos reversíveis); sinais de hiper ou hipotireoidismo; pneumopatia intersticial difusa; neuropatia periférica (rara), elevação das transaminases; hepatopatia aguda (rara); hipotensão e flebite (forma injetável)."
Hyperium;Existem reações adversas conhecidas de Hyperium?;Embora sejam raros, este medicamento pode provocar efeitos colaterais como sensação de fraqueza, palpitações, insônia, sonolência, fadiga ao esforço, dor de estômago, secura da boca, diarréia e erupções cutâneas.
Hidantina;Quais são os possíveis efeitos colaterais associados a Hidantina?;Alguns dos efeitos colaterais da Hidantina incluem síndrome de hipersensibilidade, náuseas, vômitos, hipertrofia gengival, vertigens, perturbação visual, ataxia, confusão mental, síndrome cerebelo vestibular, trombocitopenia, granulocitopenia, agranulocitose, pancitopenia, arritmias atriais e ventriculares, hipotensão, alterações na função respiratória, rash cutâneo, hirsutismo, eritema polimorfo, urticária, pigmentação cutânea no rosto e pescoço ou pensamentos de auto-agressão e suicídio.
Cicatrene;Quais são as orientações específicas para utilizar Cicatrene?;É recomendado passar Cicatrene 2 a 5 vezes ao dia, com a ajuda de uma gaze, durante 2 a 3 dias de tratamento.
Lactosil;Qual é a posologia recomendada para Lactosil?;A dose de Lactosil a utilizar, vai depender directamente da quantidade de lactose presente no alimento a ingerir, pelo que a dose a utilizar deve ser calculada de acordo com a quantidade de lactose indicada na embalagem do produto.
Cicatricure creme;Para que serve Cicatricure creme?;Reduz rugas e linhas de expressão visivelmente.
Sedalex;Quais são os possíveis efeitos colaterais associados a Sedalex?;Alguns dos efeitos colaterais de Sedalex podem incluir boca seca, confusão mental, redução ou aumento do ritmo cardíaco, palpitações, sede, diminuição da quantidade de suor, dificuldade ou hesitação em urinar, visão embaçada, dilatação da pupila, aumento da pressão dentro do olho, fraqueza, enjoo, vômito, dor de cabeça, tontura, prisão de ventre, sonolência, reações de alergia como coceira, vermelhidão, urticária ou inchaço na pele, coceira, alucinações, agitação, tremor, irritação no estômago ou urticária na pele.
Aradois H;Quais são os possíveis efeitos colaterais associados a Aradois H?;Os efeitos adversos mais comuns são náusea, vômitos, cólicas, diarreia, prisão de ventre, dor de cabeça, fraqueza, tontura, cansaço excessivo, urticária, alteração do paladar, visão embaçada ou aumento da sensibilidade da pele ao sol.
Amplatil 500 mg ou 1 g;Há alguma condição específica em que o uso de Amplatil 500 mg ou 1 g é desaconselhado?;Amplatil está contraindicado para pacientes com alergia às Penicilinas ou outros componentes da fórmula, assim como para pacientes com historial de alergia às Cefalosporinas.
Rinofluimucil;Quais são os princípios do funcionamento de Rinofluimucil?;Rinofluimucil é um spray que contém acetilcisteína que fluidifica as secreções ou o muco das vias aéreas facilitando a sua limpeza e o sulfato de tuaminoeptano que promove o alívio imediato da congestão nasal provocada pela rinite e sinusite.
Para que serve o Motilium;Há alguma condição específica em que o uso de Para que serve o Motilium é desaconselhado?;Este medicamento não deve ser usado em pessoas com hipersensibilidade a qualquer um dos componentes da fórmula, com prolactinoma, doença da hipófise, dores de estômago severas, fezes escuras persistentes ou doença do fígado.
Circadin;Como usar Circadin?;A dose recomendada para adultos é de 1 comprimido, equivalente a 2 mg, 1 vez por dia, 1 ou 2 horas antes da hora de deitar.
Isketam;Qual é o propósito principal de Isketam na área da saúde?;"Isketam é indicado nos estados de déficit intelectual como ocorre na insuficiência vascular cerebral, nos acidentes vasculares cerebrais, nas síndromes pós-traumáticas; nos distúrbios vestibulares de origem vascular, tais como: vertigens, déficits auditivos senis; nos distúrbios da vigilância e da consciência (delírios, confusões mentais de origem vascular); nos distúrbios do comportamento e integração ao meio consequente à involução senil; nas sequelas de patologia do sistema nervoso central como ocorrem nos estados pós-meningo-encefalites e nas alterações funcionais e deficiências intelectuais secundárias ao alcoolismo e à toxicomania."
Hirudoid;Há alguma condição específica em que o uso de Hirudoid é desaconselhado?;Hirudoid Gel e Pomada não devem ser usados em pessoas alérgicas ou sensíveis a qualquer um dos componentes da fórmula.
Melagenina Plus;Quando não devo usar Melagenina Plus?;Melagenina Plus está contraindicada para pacientes em tratamento com corticoides ou com medicamento para a psoríase, com outras doenças ou problemas na pele e para pacientes com alergia a algum dos componentes da fórmula.
Fulcin;Quais são os potenciais efeitos indesejados de Fulcin?;As reações mais frequentes são dor de cabeça, desconforto gástrico, tontura e cansaço.
Neodex creme;Há alguma condição específica em que o uso de Neodex creme é desaconselhado?;Neodex creme está contraindicado para pacientes portadores de tuberculose pulmonar ou cutânea, infecções virais tópicas ou sistêmicas como vacínia, varicela e herpes simples, úlcera péptica, osteoporose e diabetes mellitus e para pacientes com alergia a algum dos componentes da fórmula.
Sintocalmy gotas;De que maneira Sintocalmy gotas deve ser administrado?;A dose recomendada é de um comprimido por dia e a duração do tratamento não deve ser superior a 3 meses.
Pilem;De que maneira Pilem deve ser administrado?;O primeiro comprimido deve ser ingerido o mais brevemente possível, não ultrapassando 72 horas após o contacto íntimo desprotegido. O segundo comprimido deve ser tomado 12 horas após a primeira dose. O tratamento não deve ser desnecessariamente tardio já que a eficácia pode diminuir com o tempo.
Zelboraf;Em que situações médicas é recomendado o uso de Zelboraf?;Zelboraf é indicado para o câncer de pele, no tratamento do melanoma que já se espalhou para outras partes do corpo.
For Gas;Como usar For Gas?;For Gas gotas
Lerin;Quais são as orientações específicas para utilizar Lerin?;Instilar 1 a 2 gotas em cada olho de 2 em 2 horas. - Superdosagem: normalmente, superdosagens não provocam problemas agudos. Para excesso de produto instilado no olho, lavar com água ou soro fisiológico. Se acidentalmente for ingerido, beber bastante líquido para provocar diluição.
Foradil 12 mcg;Qual é a posologia recomendada para Foradil 12 mcg?;O Foradil deve ser usado da seguinte forma:
Dividol;Para que serve Dividol?;O Dividol é um analgésico indicado para o tratamento de:
Tamiram;Quais são os potenciais efeitos indesejados de Tamiram?;Tamarim é, em geral, bem tolerado.
Polaramine;Para que serve Polaramine?;Polaramine é indicado para o tratamento de alergias, urticária, coceira, vermelhidão, rinites alérgica, picada de inseto, conjuntivite alérgica, dermatite atópica e eczemas alérgicos, em adultos e crianças.
Artren;Quais são os processos biológicos desencadeados por Artren?;Artren tem ação analgésica e anti-inflamatória, que se manifesta uma hora após a ingestão da cápsula, permanecendo por tempo prolongado.
Propilracil 100 mg;Quais são os possíveis efeitos colaterais associados a Propilracil 100 mg?;Embora seja raro, podem ocorrer reações adversas como náusea, vômito, coceira, sonolência, vertigem, febre, dor de garganta, vermelhidão da pele, dores de cabeça, mal-estar, dores nas articulações, alterações da sensibilidade, perda do paladar, queda anormal de cabelos, dores musculares, inchaço, nflamação nos nervos, alterações da coloração da pele, icterícia, alterações das glândulas salivares e dos gânglios.
Andolba;Em que circunstâncias eu não deveria utilizar Andolba?;Andolba está contraindicado para crianças com menos de 12 anos de idade e pacientes com alergia à Benzocaína, ao Mentol, ao Cloreto de Benzetônio, à Benzoxiquina ou a algum outros componente da fórmula. Além disso, a administração de Andolba também esta contraindicada em pele ferida, rachada, gravemente queimada ou infectada.
Aloxidil;Em que circunstâncias eu não deveria utilizar Aloxidil?;O Aloxidil é contraindicado em crianças, pessoas com perda repentina de cabelos, calvície completa, queda de cabelos devida ao uso de medicamentos, deficiências alimentares, quimioterapia ou situações que causem danos ao couro cabeludo e em pessoas com alergia a qualquer componente da fórmula.
Citalor;Existem situações em que o uso de Citalor não é recomendado?;"Citalor* (atorvastatina cálcica) é contra-indicado em pacientes que apresentem hipersensibilidade à quaisquer dos componentes de sua fórmula; doença hepática ativa ou elevações persistentes inesperadas das transaminases séricas, excedendo em 3 vezes o limite superior da normalidade; durante a gravidez ou lactação ou em mulheres em idade fértil que não estejam utilizando medidas contraceptivas eficazes. Citalor* (atorvastatina cálcica) deve ser administrado a mulheres em idade fértil somente quando verificar-se altamente improvável a gravidez e quando estas pacientes tenham sido informadas dos potenciais riscos ao feto."
Betalor;De que maneira Betalor deve ser administrado?;Recomenda-se, para pacientes que não tenham recebido tratamento medicamentoso anti-hipertensivo anterior, o emprego de uma dose inicial de Betalor (besilato de anlodipino + atenolol)5mg + 25 mg uma vez ao dia.
Actonel;Em que circunstâncias eu não deveria utilizar Actonel?;Este medicamento não poderá ser utilizado em pessoas com alergia ao risedronato de sódio ou a qualquer outro componente da fórmula.
Gets;O que Gets pretende tratar?;Gets-It é indicado para o tratamento e remoção de calos, calosidades, verrugas comuns e acne, em adultos e crianças.
Dramin;O que Dramin pretende tratar?;Dramin é indicado para:
Clozapina;Quais são os potenciais efeitos indesejados de Clozapina?;Alguns dos efeitos colaterais de Clozapina incluem sonolência, tontura, prisão de ventre, aumento da produção de saliva, aumento de peso, fala arrastada, movimentos anormais, incapacidade de iniciar o movimento, incapacidade de permanecer imóvel, inquietação, membros rígidos, tremor nas mãos, agitação, rigidez nos músculos, dor de cabeça, visão embaçada, dificuldade para ler, tontura ao levantar, pressão alta, náusea, vômito, boca seca, retenção de urina, febre, cansaço, batimento cardíaco rápido e irregular com falta de ar e inchaço das pernas e pés, sinais de infecção como febre, calafrios graves, dor de garganta ou ulceras na boca, convulsões, alterações nos resultados dos exames de sangue e perda de consciência ou desmaio.
Naproxeno;Existem reações adversas conhecidas de Naproxeno?;Informe ao seu médico sobre o aparecimento de reações desagradáveis tais como: náuseas, dor abdominal, dores no estômago, diarreia, azia, dor de cabeça, enxaqueca, zumbido, tonturas, sonolência, sudorese, prurido, alterações na audição e visão, falta de ar, inchaço, palpitações e sede bem como quaisquer outros sinais ou sintomas.
Shingrix;Qual é o mecanismo de ação de Shingrix?;O risco de desenvolver herpes zooster aumenta com a idade e parece estar relacionado com uma diminuição da imunidade específica ao vírus da varicela zooster. Assim, a Shingrix aumenta a resposta imunitária específica ao vírus da varicela zooster
Stavigile;Quais são os possíveis efeitos colaterais associados a Stavigile?;"Os efeitos adversos mais comuns são reações alérgicas como coceira ou inchaços nas mãos ou face; inchaço ou formigamento na boca ou garganta, dor no peito, problemas respiratórios; alterações nos batimentos cardíacos, agitação, agressividade, confusão ou excitação; dormência; formigamento ou queimação nas mãos, braços, pernas ou pés; náusea severa, vômitos ou diarréia; tremores; sangramento anormal, hematomas ou fraqueza; pensamentos ou comportamentos anormais."
Qlaira;Como usar Qlaira?;Para auxiliar no controle da ingestão dos comprimidos, dentro do cartucho do medicamento há um calendário-adesivo com 7 tiras adesivas mostrando os dias da semana. Deve-se retirar a tira que corresponde ao dia do início de uso, por exemplo, se a pessoa iniciar a Qlaira na quarta-feira, deve utilizar o adesivo que começa com Qua e colar no espaço indicado para a mesma, de modo que o dia da semana correspondente ao “Início” fique exatamente acima do comprimido de número 1, desta forma, a pessoa pode verificar se tomou a pílula de um determinado dia da semana. Deve-se seguir a direção das flechas, até que se tenham tomado todos os 28 comprimidos.
Candoral;Qual é a finalidade do medicamento Candoral?;Candoral é indicado para:
Gardasil;Quando não devo usar Gardasil?;Gardasil está contraindicado para pacientes com alguma doença com febre elevada e para pacientes com alergia a algum dos componentes da fórmula de Gardasil ou que no passado tenham desenvolvido alguma reação alérgica após receber uma dose de Gardasil.
Nedax Plus;Para que serve Nedax Plus?;A permetrina a 5% é indicada para o tratamento de infestações por Sarcoptes scabiei (escabiose).
Epitezan;Quais são as contraindicações para Epitezan?;Lesões contaminadas por germes resistentes ao cloranfenicol. Hipersensibilidade aos componentes da fórmula.
Valdoxan;Qual é o mecanismo de ação de Valdoxan?;Valdoxan é um medicamento que tem na sua composição Agomelatina, um composto capaz de ajudar a restaurar o equilíbrio dos mensageiros cerebrais, responsáveis por controlar as emoções e comportamentos.
Fexofenadina;O que Fexofenadina pretende tratar?;O Cloridrato de fexofenadina está indicado como anti-histamínico no tratamento das manifestações alérgicas, tais como rinite alérgica e urticária.
Gazyva;Quais são os princípios do funcionamento de Gazyva?;Gazyva é um anticorpo monoclonal que tem na sua composição a substância Obinutuzumab, que pertence ao grupo dos agentes anti-neoplásicos ou agentes anticancerígenos. Os anticorpos monoclonais são proteínas muito específicas, capazes de se ligar especificamente a outras proteínas do corpo. Gazyva é capaz de reconhecer e de se ligar muito especificamente à proteína CD20, uma proteína encontrada na superfície dos glóbulos brancos, também conhecidos como linfócitos B. Gazyva é assim capaz de interromper o crescimento anormal dos linfócitos B, uma vez que o crescimento anormal destas células está na origem da leucemia linfocítica crônica.
Psorex creme;Em que circunstâncias eu não deveria utilizar Psorex creme?;Se você responder “SIM” a qualquer uma das perguntas abaixo, fale com seu médico a respeito, antes de usar Psorex Creme ou Pomada: - Você já teve uma reação alérgica a algum dos componentes presentes na formulação (veja em Composição)? - Você apresenta inflamação e/ou coceira na região anal ou genital?  -Você apresenta lesões semelhantes à acne ou vermelhidão na área próxima ao nariz, bochecha, testa ou queixo? -Você apresenta lesões com vermelhidão próximas à boca?   -Você apresenta lesões na pele causadas por vírus, fungos ou bactérias?  -O bebê tem menos de 1 ano de idade e apresenta dermatoses, incluindo dermatite e erupção de fralda?
Gino Pletil;Qual é a finalidade do medicamento Gino Pletil?;Tratamento tópico das vulvovaginites sensíveis aos componentes da fórmula.
Naturetti;Quais são os riscos para a saúde relacionados ao uso de Naturetti?;Naturetti é um produto seguro, porém ocasionalmente podem ocorrer diarréia, cólicas ou vômitos que desaparecem com a  suspensão do uso ou simples redução da dose.
Neodex creme;Qual é o propósito principal de Neodex creme na área da saúde?;Neodex creme é indicado para o tratamento de infecções bacterianas e feridas inflamadas na pele, como as que surgem nos casos das dermatites esfoliativa, herpetiforme bolhosa ou seborreica grave, pênfigo, psoríase grave, dermatoses ou úlceras, em adultos.
Ritmoneuran;Quais são as instruções para o uso correto de Ritmoneuran?;Ingerir 2 cápsulas, 2 a 3 vezes ao dia, em intervalos de 8 a 12 horas.
Canabidiol;Qual é a finalidade do medicamento Canabidiol?;Canabidiol é um medicamento para o tratamento de epilepsia, esquizofrenia, Mal de Parkinson, esquizofrenia, autismo, dor neuropática, ansiedade e insônia.
Maxsulid 400;Qual é a posologia recomendada para Maxsulid 400?;A dose recomendada de Maxsulid é de 1 comprimido, 2 vezes ao dia, com um pouco de água e sem mastigar.
Tetralysal cápsulas de 150 e 300 mg;Quais são os riscos para a saúde relacionados ao uso de Tetralysal cápsulas de 150 e 300 mg?;Alguns dos efeitos colaterais de Tetralysal podem incluir dor de cabeça, náusea, dor abdominal e diarreia.
Oscillococcinum;Como Oscillococcinum atua no organismo para produzir seus efeitos?;"Oscillococcinum é um medicamento homeopático, feito a partir de extrato filtrado do coração e fígado fresco de pato “Anas barbariae”. Oscillococcinum foi desenvolvido com base na lei da cura da homeopatia, ""O semelhante pode curar o semelhante"", onde as substâncias que provocam alguns dos sintomas da gripe, como dores no corpo, febre, calafrios, dor de cabeça ou indisposição, são neste medicamento utilizadas em doses homeopáticas, para auxiliar na prevenção e no tratamento desses mesmos sintomas."
Gilenya;Qual é o mecanismo de ação de Gilenya?;O Gilenya tem na sua composição fingolimode, que pode alterar a forma como o sistema imune funciona e ajuda a combater ataques ao sistema imune, afetando a habilidade de algumas células brancas sanguíneas de se moverem livremente no sangue e impedindo as células que causam inflamação de chegarem ao cérebro, o que reduz os danos nos nervos causados pela esclerose múltipla.
Kwell;Em que situações médicas é recomendado o uso de Kwell?;Indicado para eliminar piolhos e lêndeas dos cabelos.
Amoximed;De que maneira Amoximed deve ser administrado?;Crianças de 3 a 12 anos: 250 mg/5 ml 5 ml de 8 em 8 horas.
Lipless;Há alguma condição específica em que o uso de Lipless é desaconselhado?;LipLess é contra-indicado em casos de insuficiência hepática ou renal graves, na gravidez e na lactação e em pacientes com hipersensibilidade ao ciprofibrato.Gerais - os pacientes devem ser orientados a avisar prontamente o médico sobre a ocorrência de mialgia, sensibilidade à palpação ou fraqueza muscular. Nos pacientes que apresentarem estes sintomas, os níveis séricos de creatina fosfoquinase (CPK) devem ser imediatamente verificados, suspendendo-se o tratamento caso seja diagnosticada miopatia ou se os níveis de CPK estiverem muito altos. Este acometimento parece estar relacionado à dose e, portanto, a posologia recomendada de 100 mg diários não deve ser ultrapassada. Deve-se ter precaução na administração em pacientes com doença na vesícula biliar ou cálculo biliarPacientes com hipotireoidismo podem apresentar dislipidemia secundária e, portanto, este distúrbio deve ser corrigido antes de ser instituído o tratamento da hiperlipidemia. O hipotireiodismo também pode representar um fator de risco quanto à miopatia. A presença de hipoalbuminemia, por exemplo em caso de síndrome nefrótica, também pode aumentar o risco de miopatia.Caso as concentrações séricas dos lipídeos não forem controladas após vários meses de tratamento, medidas terapêuticas adicionais ou alternativas deverão ser consideradas.Gravidez - não há evidências de que o ciprofibrato seja teratogênico, porém sinais de toxicidade foram observados com doses altas em testes de teratogenicidade em animais. Considerando que não há relatos sobre a administração de LipLess em mulheres grávidas, o ciprofibrato está contra-indicado durante a gravidez.Lactação - o ciprofibrato é excretado no leite de ratas que estão amamentando. Considerando que não existem dados sobre a utilização de LipLess em mulheres que estão amamentando, o ciprofibrato está contra-indicado durante a amamentação.Pediatria - o ciprofibrato não é recomendado para crianças, pois ainda não foram estabelecidas a segurança e eficácia de LipLess nesta faixa etária.Geriatria (idosos) - a administração de LipLess em pacientes idosos deve ser realizada com cautela, considerando que a função hepática e renal podem estar alteradas.Insuficiência renal/hepática - deve ser usado com cautela em pacientes com alteração de função hepática devido ao risco de acumulação do ciprofibrato. Recomenda-se proceder regularmente testes de função hepática. No caso de alterações persistentes das enzimas hepáticas, o tratamento deverá ser interrompido. Deve ser utilizado com cautela em pacientes com insuficiência renal leve e moderada. Está contra-indicado em pacientes com insuficiência renal grave.
Siludrox;Quais são os riscos para a saúde relacionados ao uso de Siludrox?;Alguns dos efeitos colaterais de Siludrox podem incluir náusea, prisão de ventre, vômito, enfraquecimento e desmineralização de ossos ou fraqueza muscular e lentidão.
Vacina contra a febre amarela;Para que serve Vacina contra a febre amarela?;A vacina contra a febre amarela é indicada para a prevenção desta doença em adultos e crianças acima de 9 meses de idade.
Eutonis 2 mg;Quais os males que Eutonis 2 mg pode me causar?;Sedação, tontura e cefaléia podem ser verificadas com doses elevadas ingeridas de uma só vez. Esses efeitos colaterais geralmente aparecem no início do tratamento, mas podem ser evitados pelo aumento gradual da dose, ou podem ser revertidos pela redução da mesma. Hipotensão ortostática, hipotonia muscular ou ataxia são fenômenos raros.
Codaten 50 mg;Quais são as orientações específicas para utilizar Codaten 50 mg?;A dose recomendada é de 1 a 3 comprimidos por dia, com intervalo de, pelo menos, 6 horas entre cada. A dose máxima diária é 3 comprimidos e não deve ser ultrapassada.
Emistin;Em que circunstâncias eu não deveria utilizar Emistin?;Relativas: tuberculoses, insuficiência cardíaca congestiva, úlcera duodenal em atividade e hipertensão arterial. Absolutas: psicoses, diabetes e infecções graves. Nos 3 primeiros meses de gravidez. Emistin é ainda contra-indicado a pacientes sensíveis aos componentes da fórmula, nos casos de dermatoses provocadas por vírus ou por fungos, nas lesões cutâneas tuberculosas.
Zinacef 750 mg;Para que serve Zinacef 750 mg?;O Zinacef é um medicamento que mata bactérias e impede sua multiplicação.Está indicado para o tratamento de vários tipos de infecções como:
Trok;Existem reações adversas conhecidas de Trok?;Alguns dos efeitos colaterais de Trok-G podem incluir ardor, sensibilidade, coceira e irritação na pele, pele seca ou ressequida, inflamação dos folículos do pelo, excesso de pelo, manchas claras na pele, acne, inflamação da pele com vermelhidão, dor, queimação, pele seca e descamativa.
Isoflavine;Quais são as instruções para o uso correto de Isoflavine?;A dose recomendada de Isoflavine 75 mg ou 150 mg é de 2 comprimidos por dia, de 12 em 12 horas, engolidos juntamente com um copo de água, sem partir ou mastigar.
Aminovac gotas;Em que situações médicas é recomendado o uso de Aminovac gotas?;Usado para tratar alergias provocadas por exposição a fungos do ar, à poeira, aos alimentos ou a germes.
Maxitrol;Quais são as orientações específicas para utilizar Maxitrol?;Maxitrol colírio:
Hemogenin comprimidos;Como funciona Hemogenin comprimidos?;O Hemogenin contém oximetolona, que estimula a formação de glóbulos vermelhos do sangue em pessoas com anemia devido à deficiência da medula óssea.
Asmax;De que maneira Asmax deve ser administrado?;Comprimidos:Adultos: 1 comprimido, 2 vezes ao dia.Em pacientes susceptíveis aos efeitos sedativos dos anti-histamínicos, a dose inicial deve ser menor e aumentando-se gradativamente até atingir a dose preconizada.Xarope:Crianças de 6 meses a 3 anos: 1/2 colher medida (2,5 ml), 2 vezes ao dia.Crianças acima de 3 anos: 1 colher medida (5 ml), 2 vezes ao dia.Adultos: 1 colher medida (5 ml), 2 vezes ao dia.Gotas (em solução oral):Crianças de 6 meses a 3 anos: 0,5 ml, 2 vezes ao dia.Crianças acima de 3 anos: 1 ml, 2 vezes ao dia.
Sedalgina;Quais os males que Sedalgina pode me causar?;A Sedalgina é um remédio bem tolerado, mas que pode ter como efeitos colaterais alergia na pele, aumento do batimento do coração, irritabilidade e alergia grave acompanhada de queda de pressão sanguínea.
Inflamene;Quais são os potenciais efeitos indesejados de Inflamene?;Inflamene em geral é bem tolerado.
Cefaliv;Quais são as contraindicações para Cefaliv?;Este medicamento não deve ser usado em pessoas com hipersensibilidade a qualquer um dos componentes da fórmula.
Lystate;Qual é o propósito principal de Lystate na área da saúde?;O Lystate é um medicamento indicado para o tratamento a longo prazo de pessoas com sobrepeso ou obesidade, incluindo aquelas com fatores de risco associados à obesidade, em conjunto com uma dieta levemente hipocalórica e é também eficaz no controle de peso a longo prazo.
Nasonex spray;Quando não devo usar Nasonex spray?;O nasonex não pode ser utilizado por crianças com menos de 2 anos ou por pessoas com hipersensibilidade ao furoato de mometasona ou a qualquer um dos seus componentes.
Venvanse;De que maneira Venvanse deve ser administrado?;A dose inicial e recomendada de Venvanse é de 30 mg uma vez por dia pela manhã e a dose máxima é 70 mg uma vez por dia pela manhã. O médico pode ajustar a dose até atingir a dose adequada para a pessoa e de tempos em tempos, o poderá suspender o tratamento para verificar os sintomas do transtorno de déficit de atenção e hiperatividade.
Algina;Quais os males que Algina pode me causar?;Alguns dos efeitos colaterais de Algina podem incluir reações de alergia no local de aplicação, como urticária, coceira ou vermelhidão na pele ou possível agravamento da inflamação.
Amicozol;Quais são as instruções para o uso correto de Amicozol?;A aplicação do creme deve ser feita após lavagem e secagem do local onde está a infecção. Deve-se aplicar uma camada de creme diretamente sobre a região atingida e espalhar por uma região um pouco maior que a área afetada.
Digedrat 200 mg;Existem situações em que o uso de Digedrat 200 mg não é recomendado?;Você não deve usar este medicamento se tiver algum tipo de alergia à trimebutina ou a qualquer um dos componentes da fórmula. Para o uso correto e seguro de DIGEDRAT, você deve seguir as orientações médicas bem como as informações contidas nesta bula.  Não existem relatos a respeito de interações medicamentosas de trimebutina na forma oral com alimentos. Entretanto, é recomendável que  você siga todas as orientações médicas quanto à dieta alimentar. Pequenas alterações podem ocorrer nos exames de sangue. Caso isso ocorra, relate ao seu médico que você faz uso de DIGEDRAT. DIGEDRAT deve ser engolido, sem mastigar, com um pouco de líquido. Qualquer outra forma de administração do medicamento não é recomendada. Este medicamento não deve ser utilizado por mulheres grávidas sem orientação médica ou do cirurgião-dentista. “Este medicamento é contra-indicado na faixa etária entre 0 e 12 anos.” “Informe ao médico ou cirurgião-dentista o aparecimento de reações indesejáveis”. “Informe ao seu médico ou cirurgião-dentista se você está fazendo uso de algum outro medicamento”. “Não use medicamento sem o conhecimento do seu médico. Pode ser perigoso para a sua saúde”.
Bactropin;Qual é a posologia recomendada para Bactropin?;Este medicamento deve-se ingerir com alimentos para diminuir a irritação gástrica.
Gardasil;Como Gardasil atua no organismo para produzir seus efeitos?;Gardasil é uma vacina que atua contra doenças provocadas pelo HPV, Papilomavírus Humano, porque estimula o sistema imune, fazendo com que ocorra produção de anticorpos específicos para os tipos 6, 11, 16 e 18 do HPV.
Almeida Prado 46;Há alguma condição específica em que o uso de Almeida Prado 46 é desaconselhado?;Almeida Prado 46 não deve ser utilizado por pessoas que tenham doenças no intestino ou que apresentem desidratação grave.
Rinosoro;Para que serve Rinosoro?;Rinosoro é indicado como auxiliar no tratamento das gripes e resfriados, rinite alérgica, rinossinusite, sinusite, gotejamento pós-nasal e no nós-operatório de cirurgia rinossinusal.
Metformed 500 e 850 mg;Em que situações médicas é recomendado o uso de Metformed 500 e 850 mg?;O Metformed é um medicamento antidiabético de uso oral, que associado a uma dieta apropriada, é utilizado para o tratamento do diabetes tipo 2, isoladamente ou em combinação com outros antiadiabéticos orais, como por exemplo aqueles da classe das sulfonilureias.
Drenalin;Qual é a posologia recomendada para Drenalin?;Para ressuscitação cardíaca, Drenalin é aplicado por via intravenosa ou intracardíaca.
Haldol Decanoato;Quais são as instruções para o uso correto de Haldol Decanoato?;Os pacientes psicoticos crônicos devem ser previamente estabilizados com a medicação antipsicótica, antes de considerar a conversão para este medicamento.Haldol Decanoato deve ser usado apenas em adultos e foi formulado para fornecer terapia por um mês na maioria dos pacientes após uma única injeção por via intramuscular profunda na região glútea.
Amplictil gotas;Quais são os potenciais efeitos indesejados de Amplictil gotas?;De modo geral AMPLICTIL   é bem tolerado. Alguns pacientes, porém, podem apresentar sonolência, torcicolo, queda de pressão, impotência, frigidez, alterações menstruais, sedação, boca seca, retenção urinária, alterações na pele ou alergias, ganho de peso, prisão de ventre, icterícia colestática e lesão hepática, além de outras reações. Caso ocorra alguma reação desagradável, procure seu médico, que ele lhe dará a orientação adequada.
Maxapran;Em que circunstâncias eu não deveria utilizar Maxapran?;O medicamento é contra-indicado em pacientes que apresentem hipersensibilidade ao citalopram ou a qualquer componente da formulação.
Variless;Quais são as orientações específicas para utilizar Variless?;A dose recomendada é de 1 comprimido, administrado 2 vezes por dia, de acordo com indicação do médico.
Lacto Purga;Existem situações em que o uso de Lacto Purga não é recomendado?;Lacto Purga é contra-indicado nos casos de íleo-paralítico, obstrução intestinal, quadros abdominais agudos, como apendicite aguda, doenças inflamatórias agudas do intestino e dor abdominal grave associada com náusea e vômito, que podem ser sintomas de problemas mais graves. Lacto Purga também é contra-indicadoem casos de intensa desidratação e em paciente com hipersensibilidade ao bisacodil ou a qualquer outro componente da fórmula. É contra-indicado em problemas hereditários raros que podem ser incompatíveis com excipientes do produto.
Stavigile;Qual é o mecanismo de ação de Stavigile?;Stavigile contém modafinila, uma substância que atua no cérebro para aumentar o estado de se manter acordado. O início de ação ocorre em cerca de 1-2 horas após sua ingestão.
Sativex;Quais são as contraindicações para Sativex?;Não deve ser usado durante a amamentação ou gravidez, devendo-se, por isso, utilizar um método contraceptivo eficaz até 3 meses depois de terminar o uso do remédio. Também não se deve tomar em caso de alergia a qualquer componente da fórmula.
Fenitoína;Em que circunstâncias eu não deveria utilizar Fenitoína?;Fenitoína está contraindicado para pacientes com historial de alergia à Fenitoína ou a outras hidantoínas, pacientes com síndrome de adam-Stokes, pacientes com bloqueio A-V de 2º e 3º graus e a pacientes com bloqueio sino-atrial e bradicardia sinusal.
Dermacyd;Para que serve Dermacyd?;Dermacyd Femina 24h, Dermacyd Delicata 24h, Dermacyd Breeze 24h, Dermacyd Neutralize e Dermacyd​ Teen são sabonetes íntimos, indicados para a higiene e proteção da pele e mucosas, em adultos e crianças.
Bepantol;Qual é a finalidade do medicamento Bepantol?;"Bepantol pomada ou solução é indicado para cicatrização e epitelização em caso de ferimentos leves, tais como queimaduras e escoriações de pouca gravidade, úlceras crônicas, úlceras de decúbito e fissuras anais; para tratamento das inflamações da boca e da faringe; para tratamento pós-operatório de feridas cirúrgicas, enxertos cutâneos e erosões cervicais e para tratamento das estomatites (eventualmente em associação com antiinfecciosos)."
Choragon 5000;Quando não devo usar Choragon 5000?;"Este medicamento não deve ser utilizado caso a resposta para alguma das perguntas a seguir for “SIM”:- Você possui alergia aos componentes da fórmula?- Você possui tumor na glândula pituitária ou do hipotálamo?- Você possui aumento dos ovários ou cisto não causado por ovário policístico?- Você está tendo sangramento vaginal de causa desconhecida?- Você possui câncer nos ovários, útero ou nos seios?- Você teve gravidez extra-uterina nos últimos 3 meses?- Você sofre de desordens tromboembólicas (fechamento de vasos sanguíneos resultante da passagem de coágulos sanguíneos)?- Você já teve síndrome de hiperestimulação ovariana?- (Em homens) Você tem história ou suspeita de tumores andrógenos dependentes (dependente de hormônios sexuais), como carcinoma prostático ou carcinoma mamário?- (Em meninos) A descida do testículo pode não ocorrer por fatores obstrutivos, por exemplo, hérnia inguinal, cirurgia na região inguinal (da virília), testículo ectópico (o testículo saiu do seu trajeto habitual para o escroto, ficando preso fora dele). Choragon não deve ser administrado em casos em que o resultado do tratamento provavelmente não será favorável, isto é, nos seguintes casos:- Deficiência primária dos ovários;- Má-formação dos órgãos sexuais incompatível com a gravidez;- Tumores fibroides do útero sendo incompatíveis com a gravidez;- Mulheres na pós-menopausa."
Vitacid Acne;Quais são as orientações específicas para utilizar Vitacid Acne?;Este gel deve ser aplicado na pele na hora de dormir. A quantidade deve ser do tamanho de uma ervilha e aplicada em pontos do queixo, bochechas, nariz e testa, e em seguida, espalhar suavemente sobre o rosto inteiro.
Famox 40 mg;Qual é a posologia recomendada para Famox 40 mg?;A dose recomendada é de 1 comprimido de 40 mg/dia, ao deitar. A duração do tratamento é de 4 a 8 semanas, podendo ser abreviada se a endoscopia revelar que a úlcera foi curada.Para prevenção da recorrência da ulceração duodenal, recomenda-se que a terapia seja mantida com um comprimido de 20 mg/dia, ao deitar por um período determinado a critério médico.
Keppra;Quais são os potenciais efeitos indesejados de Keppra?;Alguns dos efeitos colaterais de Keppra podem incluir inflamação no nariz e da faringe, sonolência, perda de apetite, depressão, ansiedade, insônia, nervosismo, irritabilidade, convulsões, alterações do equilíbrio, tontura, tremores involuntários, vertigem, tosse, dor abdominal, diarreia, má digestão, vômito, náusea, fadiga, cansaço extremo e urticária, vermelhidão e coceira na pele.
Melagrião;Quais são as contraindicações para Melagrião?;Este remédio não deve ser usado por crianças com menos de 2 anos, mulheres grávidas ou por pessoas com alergia a qualquer componente da fórmula.
Miosan;O que Miosan pretende tratar?;Miosan ou Miosan CAF é indicado no tratamento de espasmos musculares com dor aguda como nas lombalgias, torcicolos, fibromialgia, periartrite escapuloumeral e no tratamento de cervicobraquialgias, em adultos.
Eutonis 1 mg;Quais são os possíveis efeitos colaterais associados a Eutonis 1 mg?;Sedação, tontura e cefaléia podem ser verificadas com doses elevadas ingeridas de uma só vez. Esses efeitos colaterais geralmente aparecem no início do tratamento, mas podem ser evitados pelo aumento gradual da dose, ou podem ser revertidos pela redução da mesma. Hipotensão ortostática, hipotonia muscular ou ataxia são fenômenos raros.
Ceftriax;Quais são as contraindicações para Ceftriax?;É contraindicado em grávidas ou mulheres que estejam a amamentar, bebês prematuros, recém-nascidos com icterícia ou que estejam a tomar medicação com cálcio. Não deve ser usado, ainda, em pessoas com alergia a qualquer componente da fórmula.
Cedur;Como usar Cedur?;Cedur
Gynoflor;Para que serve Gynoflor?;Gynoflor é indicado para promover o desenvolvimento de Lactobacillus, ajudando a repor o equilíbrio biológico da flora vaginal, em mulheres na pré-menopausa.
Aristab;Em que situações médicas é recomendado o uso de Aristab?;Aristab é indicado no tratamento da esquizofrenia e de episódios associados ao transtorno bipolar do tipo I, em adultos.
Cebralat 50 e 100 mg;Qual é o mecanismo de ação de Cebralat 50 e 100 mg?;Cebralat é um medicamento que tem na sua composição Cilostazol, um derivado quinolinônico capaz de inibir a fosfodiesterase celular e de suprimir a degradação da adenosina monofosfato. Desta forma, Cebralat promove um aumento da concentração de adenosina monofosfato nas plaquetas e vasos sanguíneos, o que inibe a agregação plaquetária e promove a vasodilatação.
Rozex;Há alguma condição específica em que o uso de Rozex é desaconselhado?;Hipersensibilidade aos componentes da fórmula.
Dunason;Existem reações adversas conhecidas de Dunason?;Alguns dos efeitos colaterais que Dunason pode provocar incluem ardência ligeira e vermelhidão conjuntival.
Amicozol;Quais são os princípios do funcionamento de Amicozol?;Amicozol contém na sua fórmula nitrato de miconazol que atua nos fungos que causam a micose, eliminando-os.
Digoxina;Qual é a posologia recomendada para Digoxina?;A dose de Digoxina deve ser ajustada individualmente por paciente, de acordo com a idade, peso corporal e função renal.
Metformed 500 e 850 mg;Quais são as contraindicações para Metformed 500 e 850 mg?;Este remédio não deve ser usado em pessoas com alergia à metformina ou aos outros componentes da fórmula, com problema de funcionamento do fígado ou dos rins, diabetes não controlada, hiperglicemia ou cetoacidose graves.
Siludrox;Quando não devo usar Siludrox?;Siludrox está contraindicado para pacientes com sintomas de apendicite como dor no estômago que se desloca para a parte inferior direita do abdômen, febre, mal-estar geral e alterações do transito intestinal, pacientes com problemas ou doença nos rins e para pacientes com alterações dos níveis de fosfato no sangue.
Magnésia Bisurada;Qual é a finalidade do medicamento Magnésia Bisurada?;A Magnésia Bisurada está indicada para o alívio dos sintomas como azia, queimação e dor estomacal.
Dieloft;Existem reações adversas conhecidas de Dieloft?;Efeitos colaterais podem ocorrer com o uso de Dieloft.
Duphaston;Quais são as contraindicações para Duphaston?;O Duphaston não deve ser usado por pessoas com alergia à didrogesterona ou a qualquer um dos componentes da formulação, que tenha ou tenha tido um tumor que é agravado pela progesterona ou que tenha um sangramento vaginal de causa desconhecida.Este medicamento é contraindicado para uso por homens e por mulheres com idade inferior a 18 anos.
Xenical;Há alguma condição específica em que o uso de Xenical é desaconselhado?;Xenical é contraindicado em pacientes com síndrome de má-absorção crônica, colestase e em pacientes com hipersensibilidade conhecida a orlistate ou a qualquer um dos componentes contidos na fórmula.
Acheflan creme;Quais são os riscos para a saúde relacionados ao uso de Acheflan creme?;Não existe informação sobre os efeitos colaterais na aplicação deste creme.
Cromolerg 4%;Quais os males que Cromolerg 4% pode me causar?;A aplicação do produto pode provocar uma sensação de ardência transitória em alguns pacientes, que é considerada normal.
Naturetti;Em que circunstâncias eu não deveria utilizar Naturetti?;Em casos de obstrução intestinal ou onde exista contra-indicação ao uso de laxantes.
Tarflex;Qual é o propósito principal de Tarflex na área da saúde?;Shampoo anticaspa. Tarflex possui em sua formulação agentes detergentes e condicionadores que promovem a limpeza e condicionamento dos cabelos excessivamente oleosos, sem deixar sensação de ressecamento. Tarflex é indicado para o tratamento da oleosidade, caspa (dermatite seborréica) e age como coadjuvante no tratamento da psoríase e eczema do couro cabeludo.
Colact;Quais são as orientações específicas para utilizar Colact?;Geralmente, a dose recomendada de Colact é de 5 ml, equivalente a 1 copo doseador, 3 vezes por dia.
Tenolon;Quais são as orientações específicas para utilizar Tenolon?;"Hipertensão: a maioria dos pacientes responde a uma dose oral de 100mg. O efeito pleno será alcançado após uma ou duas semanas. Pode-se conseguir uma redução adicional no pressão arterial, combinando o ATENOLOL com outros agentes anti-hipertensivos, como por exemplo a clortalidona.Angina: a maioria dos pacientes com angina pectoris responde a uma dose diária de 100mg, administrada como dose única ou fracionada. É improvável que se obtenha benefício adicional através do aumento da dose.Infarto do miocárdio (intervenção tardia após infarto agudo do miocárdio): para pacientes que se apresentarem alguns dias após sofrerem infarto do miocárdio, recomenda-se uma dose de 100mg diários para profilaxia a longo prazo de infarto do miocárdio.Pacientes com insuficiência renal (clearance de creatina superior a 35 ml/min./1.73m2): não ocorre acúmulo significativo de ATENOLOL. Clearance de creatinina entre 15 a 35 ml/min./1.73m2: a dose deve ser de 50mg ou 100mg em dias alternados ou 100mg a cada 4 dias.Pacientes que se submetem a hemodiálise: devem receber 50mg por dia via oral, após cada diálise; isto deve ser feito sob supervisão hospitalar, uma vez que podem ocorrer acentuadas quedas na pressão arterial.Pacientes idosos: os requisitos de dose podem ser reduzidos."
Fenergan creme 30 g;Quais são as orientações específicas para utilizar Fenergan creme 30 g?;Aplicar o creme na região afetada, numa fina camada, 3 a 4 vezes por dia.
Betaserc;Existem reações adversas conhecidas de Betaserc?;Como todos os medicamentos, Betaserc pode causar efeitos colaterais, embora não aconteça com todas as pessoas.
Tecta 40 mg;Quais são as contraindicações para Tecta 40 mg?;Tecta 40 mg está contraindicado para pacientes com menos de 18 anos de idade, pacientes em tratamento com medicamentos da mesma classe ou com Atazanavir ou Nelfinazir e para pacientes com alergia ao Pantoprazol ou a algum dos componentes da fórmula.
Salder S;Qual é o propósito principal de Salder S na área da saúde?;Salder S -  Sabonete Medicinal é indicado para o tratamento da pitiríase versicolor, causada pela Malassezia furfur.Por sua atividade fungicida, anti-seborréica e queratolítica, constitui terapia adjuvante e eficaz no tratamento da acne vulgaris e seborréia.
Xeloda;Para que serve Xeloda?;Xeloda é indicado para o tratamento de câncer de mama e de câncer de cólon e reto (que são partes do intestino) em determinadas condições.
Eupressin 10 mg;Qual é a finalidade do medicamento Eupressin 10 mg?;O Eupressin é usado para controlar a pressão alta e melhorar assim o desempenho do coração.
Imodium;Quais são os princípios do funcionamento de Imodium?;Imodium tem na sua composição Loperamida, um composto que age tornando as fezes sólidas e menos frequentes, o que leva à paragem da diarreia.
Vimovo;Qual é o mecanismo de ação de Vimovo?;O Vimovo é composto por duas substâncias ativas, o naproxeno e o esomeprazol, que são liberados no organismo um depois do outro, sendo o esomeprazol liberado no estômago para redução da quantidade de ácido que o estômago produz, e o naproxeno, por ser revestido por uma camada resistente ao ambiente ácido do estômago, é liberado no intestino delgado, reduzindo assim possíveis danos ao estômago por sua ação.
Reumon Gel;Existem situações em que o uso de Reumon Gel não é recomendado?;Reumon está contraindicado para mulheres grávidas, crianças e para pacientes com eczemas na pele com sintomas como bolinhas, vermelhidão e coceira na pele e pele áspera e para pacientes com alergia ao Etofenamato, ao Ácido flufenâmico, a outros anti-inflamatórios não esteroides ou a algum dos componentes da fórmula.
Topison;Há alguma condição específica em que o uso de Topison é desaconselhado?;Topison (mometasona) é contra-indicado para os pacientes hipersensíveis a qualquer componente da fórmula. TOP/01/BUSO ADULTO E PEDIÁTRICOTopison TOP-01-B Rev.2.indd 1 20.01.04 14:19:57
Tryptanol;Em que situações médicas é recomendado o uso de Tryptanol?;Tryptanol está indicado principalmente para tratamento de depressão.
Clozapina;Qual é a finalidade do medicamento Clozapina?;Clozapina é indicada para o tratamento da esquizofrenia, transtorno esquizoafetivo e para o tratamento de distúrbios do pensamento, emocionais e comportamentais da doença de Parkinson, em adultos.
Cefazol;Quais são as instruções para o uso correto de Cefazol?;"Após a reconstituição, a cefazolina pode ser administrada por via intravenosa direta ou por infusão contínua ou intermitente. Injeção intravenosa direta (administrar a solução diretamente na veia ou através de tubo): diluir a solução de 1 g de cefazolina em uma quantidade de no mínimo 10 ml de água esterilizada para injeção. Injetar a solução lentamente no prazo de 3 a 5 minutos. Não injetar em menos de 3 minutos. Infusão intravenosa intermitente: a cefazolina pode ser administrada junto com líquidos intravenosos, por meio de um dispositivo para controle de volume (infusão contínua) ou separadamente com um frasco secundário para administração (infusão intermitente). As soluções reconstituídas de 1 g de cefazolina podem ser diluídas em 50 a 100 ml das seguintes soluções intravenosas: cloreto de sódio a 0,9%; glicose a 5% ou 10%; glicose a 5% em lactato de Ringer; glicose a 5% em cloreto de sódio a 0,9% (também pode ser usado com glicose a 5% em cloreto de sódio a 0,45% ou 0,2%) em lactato de Ringer; frutose a 5% ou 10% Solução de Ringer. Posologia adultos: pneumonia pneumocócica 500 mg a cada 12 horas; infecções leves causadas por cocos gram-positivos sensíveis 250 mg a 500 mg a cada 8 horas; infecções do trato urinário agudas e não complicada 1 g a cada 12 horas; infecções moderadas e graves: 500 mg a 1 g a cada 6 a 8 horas; infecções com risco de vida (por ex.: endocardite e septicemia) 1 g a 1,5 g; cada 6 horas. Em raras situações, doses de até 12 gramas de cafazolina por dia foram usadas. Dosagem em insuficiência renal: para pacientes com insuficiência renal a dose inicial é a mesma que em pacientes com o rim sadio. O intervalo de dosagem deve ser aumentado, pois pode haver um acúmulo de cefazolina."
Ovestrion;Quais são as instruções para o uso correto de Ovestrion?;Os comprimidos devem ser ingeridos diariamente, sem mastigar, com o auxílio de algum líquido, preferencialmente no mesmo horário.
Naxogin 500;De que maneira Naxogin 500 deve ser administrado?;Tricomoníase urogenital
Multigrip;Quais são as instruções para o uso correto de Multigrip?;A dose recomendada é de 1 cápsula a cada 4 horas, não se devendo exceder 5 cápsulas por dia.
Plasil Gotas;Qual é o mecanismo de ação de Plasil Gotas?;A metoclopramida, substância ativa de Plasil gotas é um medicamento que age no sistema digestório no alívio de náuseas e vômitos.
Epocler solução;Quais são os riscos para a saúde relacionados ao uso de Epocler solução?;O Epocler é geralmente bem tolerado, no entanto, embora seja raro, pode ocorrer oceira, dor de cabeça e distúrbios gástricos como náuseas e azia.
Aprovel 150 e 300;De que maneira Aprovel 150 e 300 deve ser administrado?;A dose inicial de Aprovel é de 150 mg, uma vez ao dia. Em pessoas que necessitam de uma redução adicional da pressão arterial, o médico pode indicar uma dose de 300 mg por dia.
Loprox;Quais são os riscos para a saúde relacionados ao uso de Loprox?;Embora seja muito raro, pode ocorrer dermatite alérgica de contato, vermelhidão e descamação.
Canesten;Em que circunstâncias eu não deveria utilizar Canesten?;Não se deve usar Canesten creme em caso de alergia ao clotrimazol ou outros componentes presentes na fórmula.
Bamifilina;Em que situações médicas é recomendado o uso de Bamifilina?;Bamifilina é indicada para o tratamento da doenças pulmonares como asma brônquica, doença pulmonar obstrutiva crônica e bronquites asmatiformes, em adultos e crianças.
Azukon;Para que serve Azukon?;O Azukon MR é um medicamento que reduz os níveis sanguíneos de açúcar, sendo por isso destinado ao tratamento de diabetes tipo 2, que é um tipo de diabetes no qual a pessoa não necessita fazer uso de insulina, diabetes em pessoas obesas, diabetes em idosos e diabetes em pessoas com complicações vasculares.
Almeida Prado 32;Quais são as instruções para o uso correto de Almeida Prado 32?;Adultos: 2 comprimidos a cada 2 horas por via oral. Siga a orientação do seu médico, respeitando sempre os horários, as doses e a duração do tratamento.Não interromper o tratamento sem o conhecimento do seu médico.
Aftine;Qual é a posologia recomendada para Aftine?;Geralmente, a dose recomendada é de 1 a 2 gotas sobre a afta, administradas 3 a 6 vezes por dia.
Materna;Quais são os princípios do funcionamento de Materna?;Materna funciona suplementando, com vitaminas e minerais, a dieta de mulheres grávidas e que estão amamentando.
Leukeran;O que Leukeran pretende tratar?;Leukeran é indicado para o tratamento de alguns tipos de câncer como Doença de Hodgkin, certas formas de Linfoma não-Hodgkin ou Leucemia linfocítica crônica, e no tratamento de algumas desordens do sangue como Macroglobulinemia de Waldenström, em adultos e crianças.
Opti;Quais são as contraindicações para Opti?;Pessoas alérgicas a quaisquer componentes do Opti-Free
Alenia 6/200;O que Alenia 6/200 pretende tratar?;Indicado para tratar a falta de ar em doentes com asma brônquica ou Doença Pulmonar Obstrutiva Crônica (DPOC).
Angiolot;Há alguma condição específica em que o uso de Angiolot é desaconselhado?;É contraindicado em mulheres grávidas ou que estejam a amamentar, crianças ou adolescentes com menos de 18 anos, pessoas com problemas de fígado grave ou alergia a qualquer componente da fórmula.
Forxiga;Quais são as instruções para o uso correto de Forxiga?;As quantidades de Forxiga a utilizar e a duração do tratamento devem ser indicadas pelo médico, pois dependem da gravidade do problema a tratar e da resposta individual de cada paciente ao tratamento.
Clordox;Em que circunstâncias eu não deveria utilizar Clordox?;Clordox está contraindicado para mulheres grávidas ou amamentando, pacientes com menos de 8 anos de idade e para pacientes com alergia ás tetraciclinas ou a algum dos componentes da fórmula.
Acheflan;O que Acheflan pretende tratar?;Acheflan é indicado no tratamento local de processos inflamatórios, tais como tendinites e dores musculares, e em quadros inflamatórios dolorosos associados a traumas de membros, entorses e contusões.
Kava Kava;Quais são os possíveis efeitos colaterais associados a Kava Kava?;Alguns dos efeitos colaterais de Kava Kava podem incluir perda de peso, aumento da pressão, manchas e feridas na pele, aumento exagerado do reflexo do joelho, reações de alergia e problemas gastrintestinais como vômito, náusea, diarreia, dor abdominal ou cólicas ou cansaço matinal.
Opdivo;Quais são as instruções para o uso correto de Opdivo?;O Opdivo deve ser administrado num hospital ou numa clínica por um profissional de saúde.
Emet;Como usar Emet?;"Emet (dimenidrinato + cloridrato de piridoxina) pode ser tomado imediatamente antes ou durante as refeições. Em caso de viagem, usar a medicação de maneira preventiva com pelo menos meia hora de antecedência.Posologia:Adultos e crianças a partir de 2 anos de idade: 1 gota/kg de peso corporal (equivalente a 1,25 mg de dimenidrinato/kg) ou a critério médico, não excedendo a dose máxima diária, conforme a tabela abaixo:Crianças de 2 a 6 anos: 1 gota/kg a cada 6 a 8 horas, não excedendo 60 gotas (75 mg) em 24 horas. Crianças de 6 a 12 anos: 1 gota/kg a cada 6 a 8 horas, não excedendo 120 gotas (150 mg) em 24 horas.  Adultos acima de 12 anos: 1 gota/kg a cada 4 a 6 horas, não excedendo 320 gotas (400 mg) em 24 horas.Não administre medicamentos diretamente na boca das crianças, utilize uma colher para pingar as gotinhas.Na insuficiência hepática: caso você tenha insuficiência hepática (fígado), avise seu médico, pois ele pode considerar reduzir a dose de Emet  (dimenidrinato + cloridrato de piridoxina).Caso você se esqueça de tomar uma dose, ela deve ser tomada tão logo seja lembrada. No entanto, se estiver muito perto da administração da próxima dose, não a tome; tome somente a dose seguinte e continue com o esquema posológico regular. Não tome uma dose dupla para compensar a dose esquecida. Em caso de dúvidas, procure orientação do farmacêutico ou de seu médico ou cirurgião-dentista."
Superan;Em que situações médicas é recomendado o uso de Superan?;Antiemético e antinauseoso, principalmente durante terapia antineoplásica.
Secotex;De que maneira Secotex deve ser administrado?;1 cápsula ao dia, administrada após o desjejum. A cápsula deve ser ingerida inteira, sem mastigar, com um pouco de líquido (por exemplo, um copo de água), em posição ereta ou sentada. Superdosagem: não se conhecem casos de superdosagem aguda com tamsulosina. Não obstante, teoricamente, pode ocorrer hipotensão arterial aguda após a ingestão de uma superdose. Neste caso é necessário um suporte cardiovascular. A pressão arterial e a freqüência cardíaca se normalizam quando o paciente for colocado em posição deitada. Se isto não for suficiente, pode-se recorrer à administração de expansores do plasma e, em caso de necessidade, a vasopressores. Deve-se monitorizar a função renal e aplicar medidas de suporte geral. Não é provável que a diálise seja de alguma ajuda, já que a tamsulosina se liga em elevado grau às proteínas plasmáticas. Medidas como indução do vômito podem ser tomadas para impedir maior absorção. Quando se trata de quantidades significativas, pode-se proceder à lavagem gástrica, com a administração de carvão ativado e de um laxante osmótico, tal como o sulfato de sódio.
Neossolvan;Existem reações adversas conhecidas de Neossolvan?;"Reações comuns (> 1/100 e < 1/10): disgeusia (distúrbios do paladar); hipoestesia da faringe; náusea; hipoestesia oral."
Adesivo Dorflex Icy Hot;Como Adesivo Dorflex Icy Hot atua no organismo para produzir seus efeitos?;Dorflex Icy Hot é um adesivo flexível que começa por primeiro resfriar a região a tratar e depois aquecendo-a, o que diminui a dor e a inflamação no local.
Alginac;Para que serve Alginac?;O Alginac é indicado para lombalgias, cervicalgias, braquialgias, radiculite, neuropatias periféricas de etiopatogenia diversa, neuralgias faciais, neuralgia do trigêmeo, neuralgia intercostal, neuralgia herpética, síndrome do conduto do carpo, fibromialgia, espondilite.
Clonazepam;Quando não devo usar Clonazepam?;Clonazepam está contraindicado para pacientes com insuficiência respiratória grave ou com doenças no fígado, pacientes com glaucoma agudo de ângulo fechado e para pacientes com alergia aos benzodiazepínicos ou a algum dos componentes da fórmula.
Bactropin;Como funciona Bactropin?;Bactropin tem propriedades bactericidas de amplo espectro.
Vitamina B 12;Existem situações em que o uso de Vitamina B 12 não é recomendado?;Vitamina B12 está contraindicada para pacientes com hipervitaminose de Vitamina B12 e para pacientes com alergia à Vitamina B12 ou a outros componentes da fórmula.
Excedrin comprimidos;Para que serve Excedrin comprimidos?;O Excedrin é usado na dor de cabeça leve a moderada ou dor muscular.
Caduet;Para que serve Caduet?;"É indicado para pacientes que apresentam risco cardiovascular aumentado por hipertensão (aumento da pressão arterial) e/ou angina (angina crônica estável ou angina espástica) e dislipidemia (hipercolesterolemia heterozigótica familiar e não familiar, níveis elevados de triglicérides séricos, disbetalipoproteinemia primária, hipercolesterolemia familiar homozigótica); pacientes com risco cardiovascular aumentado devido à presença de doença das artérias coronárias com sintoma de angina; prevenção de complicações cardiovasculares em pacientes hipertensivos.Em pacientes com doença cardiovascular e/ou dislipidemia, Caduet está indicado na prevenção secundária (prevenção de recorrência de eventos cardiovasculares) do risco combinado de morte, infarto do miocárdio não-fatal, parada cardíaca e re-hospitalização por angina do peito.Prevenção de Complicações Cardiovasculares: em pacientes sem evidência clínica de doença cardiovascular e com ou sem dislipidemia, porém com múltiplos fatores de risco para doença coronariana como tabagismo, hipertensão, diabetes, baixo nível de HDL-colesterol ou história familiar de doença coronariana precoce, Caduet está indicado para redução do risco de: doença coronariana fatal e infarto do miocárdio não-fatal; acidente vascular cerebral (derrame); procedimentos de revascularização e angina pectoris."
Ensure Pó;Quais são as instruções para o uso correto de Ensure Pó?;Para preparar uma porção alimentar de aproximadamente 250 ml, colocar 210 ml de água à temperatura ambiente em um copo. Agitando continuamente a água, adicionar seis medidas rasas (medida incluída dentro da lata) de Ensure Pó, que equivalem a aproximadamente 56,4 g de pó. Continuar a misturar até a completa dissolução do pó. Ensure Pó proporciona 1 kcal/ml, quando for preparado de acordo com as instruções acima. Uma lata de 400 g renderá aproximadamente sete porções de 250 ml. Instruções de armazenamento: o conteúdo desta lata deve ser consumido dentro de três semanas depois de ter sido aberta. Tampar a lata e guardá-la em um lugar fresco e seco (não no refrigerador). Ensure reconstituído deve ser usado de imediato, ou deve ser tampado e guardado no refrigerador, usando-o antes de 24 horas.
Tropinal 300 mg;Quais são os potenciais efeitos indesejados de Tropinal 300 mg?;O uso de Tropinal pode provocar alguns efeitos secundários como reações de alergia, febre, dor no peito, aftas, coceira generalizada, suores frios, náuseas, descoloração da pele e falta de ar. Além disso, podem ainda surgir outros sintomas como secura da boca, dilatação das pupilas, dor ao urinar, prisão de ventre, vômitos, dor nos olhos e tonturas.
Androxon;Qual é a posologia recomendada para Androxon?;A dose de Androxon deve ser determinada pelo médico, de acordo com a gravidade dos sintomas e a resposta individual do paciente.
Tryptanol;Quais são os princípios do funcionamento de Tryptanol?;Tryptanol pertence a um grupo de fármacos conhecidos como antidepressivos tricíclicos.
Loprox;Há alguma condição específica em que o uso de Loprox é desaconselhado?;O Loprox é contraindicado para pessoas que apresentam alergia conhecida ao ciclopirox ou a qualquer componente da fórmula.
Tamisa 20;Quais são os processos biológicos desencadeados por Tamisa 20?;Tamisa 20 contém dois hormônios femininos, o gestodeno e o etinilestradiol, que têm função semelhante aos hormônios naturais, inibindo a ovulação e alterações na secreção do útero, evitando a gravidez.
Redoxon Gotas;Quais são os princípios do funcionamento de Redoxon Gotas?;Redoxon contém na sua fórmula Vitamina C que atua no sistema imune, melhorando as defesas do organismo contra infecções. É importante também no crescimento e fortalecimento dos ossos e processos de cicatrização de feridas.
Psicoglut;Quais são as orientações específicas para utilizar Psicoglut?;Até 7 anos de idade: 1 comprimido ou meia medida (5 ml) ao dia. De 7 a 14 anos: 1 comprimido ou meia medida (5 ml) 2 vezes ao dia. 14 anos e adultos: 1 comprimido ou meia medida (5 ml) 3 vezes ao 10 dia.
Wellbutrin XL 150 mg;Quais são as orientações específicas para utilizar Wellbutrin XL 150 mg?;A dose usual recomendada para a maioria dos adultos é de um comprimido de 150 mg por dia. O médico pode aumentar a dose para 300 mg por dia, caso a depressão não melhore após várias semanas.
Hipoglós;Quando não devo usar Hipoglós?;Hipoglós ou Hipoglós amêndoas está contraindicado para pacientes com alergia a algum dos componentes da fórmula.
Benicar;Em que circunstâncias eu não deveria utilizar Benicar?;Não deve ser usado por crianças ou adolescentes com idade inferior a 18 anos, mulheres grávidas e por pessoas com alergia a qualquer componente da fórmula.
Keppra;Como funciona Keppra?;Keppra é um medicamento que tem na sua composição Levetiracetam, um derivado da pirrolidona com propriedades antiepiléticas, capaz de tratar as crises de epilepsia.
Infanrix;Quais são as contraindicações para Infanrix?;DTPa não deve ser administrada em pessoas que tenham alergia a qualquer componente da vacina.
Pedialyte 90;Em que situações médicas é recomendado o uso de Pedialyte 90?;Reposição das perdas acumuladas de água e eletrólitos (reidratação), ou para manutenção da hidratação (após a fase de reidratação), em quadros de doença diarréica aguda, de qualquer etiologia, tanto em crianças quanto em adultos.
Cubitan;Qual é o mecanismo de ação de Cubitan?;Na sua composição tem nutrientes que regulam o processo inflamatório e estimulam a cicatrização.
Priligy;Quais são os princípios do funcionamento de Priligy?;Priligy é um medicamento que tem na sua composição Dapoxetina, um composto capaz de tratar aejaculação precoce, que ocorre após pouca estimulação sexual ou a incapacidade do homem em controlar ou atrasar a ejaculação.
Ribavirina;Quais são as orientações específicas para utilizar Ribavirina?;- Hepatite A e B : Ribavirina 10 mg/kg/dia, via oral, dividida em 4 doses (por 14 dias) demonstrou ser benéfica quando administrada a crianças com Hepatite tipo A ou B. Não foi feita a distinção entre HbsAg positivo ou negativo. Uma redução significante nos valores de SGPT ocorreram no 71 dia de tratamento quando comparado com pacientes tratados com placebo. A bilirrubina sérica diminuiu em todos os dias nos pacientes tratados com ribavirina. Observou-se também melhora nos sintomas (melhora do apetite, náusea, vômito, sensação de bem estar). Duzentos miligramas de ribavirina, via oral, 3 vezes ao dia por duas semanas administrada a pacientes com Hepatite A demonstrou uma grande melhora na bilirrubina total e direta, SGPT e SGOT e melhor ganho de peso que os pacientes tratados com placebo.
Oxandrolona;Quais os males que Oxandrolona pode me causar?;Alguns dos efeitos colaterais de Oxandrolona incluem virilismo, irritação na bexiga, sensibilidade ou dores nos seios, ginecomastia, priapismo, acne, disfunção hepática, diminuição dos fatores da coagulação, hipercalcemia, leucemia, hipertrofia prostática, diarreia, alterações da libido e alterações do ciclo menstrual.
Fotilan;Qual é a posologia recomendada para Fotilan?;"Comprimidos revestidos 100mg: deve ser utilizado por via oral na dose de 1 comprimidos revestidos 1 vez ao dia . Utilizar por no máximo três meses. ""Este medicamento não pode ser partido, aberto ou mastigado"".  “Siga corretamente o modo de usar. Em caso de dúvidas sobre este medicamento, procure orientação do farmacêutico. Não desaparecendo os sintomas, procure orientação de seu médico ou cirurgião-dentista.”"
Signifor;Como Signifor atua no organismo para produzir seus efeitos?;O Signifor é uma medicação que tem na sua composição pasireotido, que atua de forma semelhante à somatostatina, um hormânio produzido naturalmente pelo corpo e que controla a glicose no sangue, melhorando os sintomas da doença de crushing.
Tremfya;Em que circunstâncias eu não deveria utilizar Tremfya?;Este medicamento não deve ser usado em pessoas com alergia ao guselcumabe ou a qualquer componente da fórmula do medicamento ou que tenham uma infecção ativa, como por exemplo, tuberculose ativa.
Lacril;Qual é a posologia recomendada para Lacril?;A dose recomendada de Lacril é de 1 ou 2 gotas em um ou ambos os olhos. Consoante os sintomas exibidos ou consoante sinta necessidade, pode repetir a aplicação de Lacril tantas vezes quantas forem necessárias ou de acordo com as orientações do médico.
Carbonato de Lítio;Quais são os possíveis efeitos colaterais associados a Carbonato de Lítio?;A medicação com lítio apresenta ausência de efeitos tóxicos sob “condições de controle”. Se por eventualidade, quaisquer dos sintomas abaixo ocorrerem durante a “litioterapia”, deverá ser interrompida a medicação e o médico deverá ser informado imediatamente. Diarréia persistente, vômitos ou náuseas severas e persistentes, visão prejudicada, fraqueza generalizada, dificuldade para andar, pulso irregular, tremores intensos, cãibras, grande desconforto, tontura acentuada, sudorese de pés e pernas.Informe ao seu médico o aparecimento de qualquer reação desagradável ou efeitos colaterais, tais como: aumento exagerado do volume urinário, ganho anormal de peso, insônia, cansaço, diminuição da velocidade de pensamento, sensação de frio, alterações menstruais, dor de cabeça e dores musculares.
Emistin;Qual é a posologia recomendada para Emistin?;Creme:
Aloxidil;Para que serve Aloxidil?;O Aloxidil é indicado no tratamento da perda de cabelo no homem.
Gabaneurin;Quais são os potenciais efeitos indesejados de Gabaneurin?;Alguns dos efeitos colaterais de Gabaneurin podem incluir sensação de mal estar, fadiga, cansaço, febre, dor de cabeça, dor nas costas, dor na barriga, inchaço na face, infecção por vírus, dor, sintomas de gripe e resfriado, lesões ou inchaço no corpo.
Emsgrip;Quais são os potenciais efeitos indesejados de Emsgrip?;Pessoas alérgicas ao medicamento podem apresentar erupções cutâneas, urticária, eritema pigmentar fixo, angioedema, choque anafilático e alterações no exame de sangue.
Orviax;Como funciona Orviax?;Orviax é um remédio natural feito à base de extratos e concentrados de ervas afrodisíacas da China, Europa e América do Sul, que ajuda a aumentar a ereção do pênis, tornando-a mais forte e fazendo com que dure mais tempo.
Secdazol;Qual é a finalidade do medicamento Secdazol?;O Secdazol é um medicamento destinado ao tratamento da giardíase, amebíase intestinal, amebíase hepática e tricomoníase.
Duomo;Qual é a finalidade do medicamento Duomo?;O Duomo é um medicamento que tem doxazosina na sua composição, indicada para tratar a hiperplasia benigna da próstata e a hipertensão.
Fibrase;Quais são os processos biológicos desencadeados por Fibrase?;A pomada Fibrase contém fibrinolisina, desoxirribonuclease e cloranfenicol.
Mylicon;Quando não devo usar Mylicon?;Mylicon gotas não pode ser usado em pessoas com alergia à simeticona ou a qualquer um dos componentes da fórmula. Nestes casos, a toma deverá ser imediatamente interrompida.
Esmya;O que Esmya pretende tratar?;Esmya é indicado para tratar os sintomas causados por miomas uterinos, como sangramentos menstruais,  desconforto e dor na barriga, em mulheres. Além disso, este medicamento também pode ser usado na preparação para cirurgia para retirada do mioma.
Contractubex;Como Contractubex atua no organismo para produzir seus efeitos?;O Cepalin atua como antibacteriano e antiinflamatório, inibindo os mediadores da inflamação e possui também um efeito antialérgico. Este ativo inibe o crescimento de fibroblastos de diversas origens, em particular, os fibroblastos queloidais, além de ter efeito inibidor da mitose por diminuir a formação de constituintes da matrix extracelular pelos fibroblastos. Essas propriedades estimulam a reparação tecidual além de conter a formação de cicatrizes não fisiológica.
Psorex creme;Em que situações médicas é recomendado o uso de Psorex creme?;Este medicamento é indicado no tratamento de infecções na pele, tais como eczema, psoríase (excluindo a forma em placa disseminada), eczemas recalcitrantes, líquen plano, lúpus  eritematoso discóide e outras infecções da pele que não respondem de forma satisfatória aos medicamentos esteróides menos potentes.
Bisalax;Como funciona Bisalax?;Bisalax tem na sua composição Bisacodil, um composto laxante que alivia a prisão de ventre pois ajuda a limpar o intestino.
Clarilerg;Para que serve Clarilerg?;Clarilerg é indicado para o alívio dos sintomas associados com a rinite alérgica, como: coceira nasal, nariz escorrendo (coriza), espirros, ardor e coceira nos olhos.
Omepramed;Em que situações médicas é recomendado o uso de Omepramed?;Omepramed está indicado para tratamentos de úlceras gástrica e duodenal, tratamento de esofagite de refluxo e tratamento da síndrome de Zollinger-Ellison.
Zytiga 250 mg;Existem situações em que o uso de Zytiga 250 mg não é recomendado?;Este medicamento é contraindicado em mulheres grávidas ou que potencialmente possam estar grávidas
Limbitrol cápsulas;Quais são os possíveis efeitos colaterais associados a Limbitrol cápsulas?;Alguns dos efeitos colaterais de Limbitrol podem incluir boca seca, prisão de ventre, taquicardia ou problemas de visão.
Renapril;Quais os males que Renapril pode me causar?;Tontura e cefaléia foram os efeitos colaterais mais comumente relatados. Fadiga e astenia foram reportados em 2 a 3% dos pacientes, outros efeitos colaterais ocorreram em menos de 2% dos casos e incluíram hipotensão ortostática, síncope, náuseas, diarréia, cãibras musculares, erupção cutânea e tosse. Menos freqüentemente houveram relatos de disfunção renal, insuficiência e oligúria. Hipersensibilidade e edemas angioneuróticos de face, língua, lábios, glote e extremidades foram relatados raramente. Também infarto do miocárdio ou acidente vascular cerebral, dor toráxica, distúrbios do ritmo cardíaco, palpitações, angina pectoris, hepatite (hepatocelular ou colestática), icterícia, obstipação, pancreatite, estomatite, dor abdominal, dispepsia, anorexia, depressão, sonolência, confusão mental, insônia, parestesia e vertigem. Outros: broncoespasmo/asma, dispnéia, rinorréia, eritema multiforme, dermatite esfoliativa, síndrome de Stevens-Jonhson, diaforese, prurido, urticária, alopécia, impotência, alteração do paladar, glossite, rubor facial e zumbido.Interferências em Exames Laboratoriais: Pode ocorrer elevação nas taxas de uréia e creatinina sérica, enzimas hepáticas e/ou bilirrubinas. Redução das taxas de hemoglobina e hematócrito foram relatados.
Dupixent;Existem situações em que o uso de Dupixent não é recomendado?;Este medicamento não deve ser usado em pessoas com hipersensibilidade a qualquer um dos componentes da fórmula.
Lioresal 10 mg;De que maneira Lioresal 10 mg deve ser administrado?;O tratamento com Lioresal deve ser iniciado com uma dose de 15 mg por dia, de preferência dividida em 2 a 4 doses. Esta dose deve ser aumentada com cautela, 15 mg por dia, em intervalos de 3 dias, até que a dose diária necessária seja atingida.
Relestat;Em que circunstâncias eu não deveria utilizar Relestat?;Relestat não pode ser usado em pessoas com alergia a qualquer dos componentes da fórmula.
Dermotivin Control;Existem situações em que o uso de Dermotivin Control não é recomendado?;Estes produtos não devem ser usados em pessoas com alergia a qualquer um dos componentes da fórmula.
Lucentis;Para que serve Lucentis?;Lucentis é administrado pelo seu oftalmologista (médico dos olhos) como uma injeção no olho sob anestésico local. Ele é usado para tratar a lesão da retina causada pelo vazamento e crescimento anormal dos vasos sanguíneos em doenças como a forma úmida da DMRI.
Liberaflux;Como usar Liberaflux?;Lactentes e crianças até 7 anos de idade: a dose recomendada é de 2,5 ml, tomados 3 vezes por dia de 8 em 8 horas.	Crianças com mais de 7 anos de idade: a dose recomendada é de 5 ml, tomados 3 vezes por dia de 8 em 8 horas.	Adolescentes com mais de 12 anos e adultos: a dose recomendada é de 7,5 ml, tomados 3 vezes ao dia de 8 em 8 horas.
Imovane;Quando não devo usar Imovane?;"Hipersensibilidade conhecida ao zopiclone; insuficiência respiratória severa, crianças menores de 15 anos."
Notuss TSS;Qual é o propósito principal de Notuss TSS na área da saúde?;Notuss TSS é um medicamento indicado para o tratamento da tosse seca e irritante sem secreção.
Depakote;Quais são as instruções para o uso correto de Depakote?;A posologia depende da doença a tratar:
Signifor;Quais são as orientações específicas para utilizar Signifor?;Este medicamento deve ser administrado na pele e inialmente a dosagem é 0,6 a 0,9 mg, duas vezes ao dia.
Claritin;Como usar Claritin?;Claritin-d XAROPEAdultos e crianças de 6 a 12 anos (peso corporal maior que 30 kg): 5 ml, a cada 12 horas.Crianças de 6 a 12 anos de idade (peso corporal menor que 30 kg): 2,5 ml, a cada 12 horas.Claritin-d DRÁGEASAdultos e crianças acima de 12 anos: 1 drágea duas vezes por dia.A dose não deve exceder o dobro, a cada 24 horas.
Iumi;Quais são os riscos para a saúde relacionados ao uso de Iumi?;Alguns dos efeitos colaterais mais frequentes de Iumi podem incluir náusea, dor abdominal, aumento de peso, dor de cabeça, períodos depressivos, alterações de humor, dor e sensibilidade aumentada nas mamas.
Wellbutrin XL 150 mg;Qual é a finalidade do medicamento Wellbutrin XL 150 mg?;Wellbutrin XL é um medicamento indicado para tratar a depressão.
Exposis;Qual é o mecanismo de ação de Exposis?;Exposis tem icaridina em sua fórmula, uma substância que impede que os mosquitos piquem a pele, evitando a transmissão de doenças.
Tenag;Para que serve Tenag?;Irregularidades do ciclo menstrual como: metrorragia, oligomenorréia, polimenorréia e amenorréia secundária.Síndrome pré-menstrual principalmente sintomas como mastalgia e retenção líquida.Outras: hiperprolactinemia, infertilidade devido a níveis diminuídos de progesterona ou hiperprolactimenia.
Octalbin albumina humana;Qual é a posologia recomendada para Octalbin albumina humana?;Uma vez que o Octalbin só pode ser usado no hospital, a dose e o ritmo a usar devem ser ajustados pelo médico, de acordo com cada caso, dependendo da gravidade, situação e peso da pessoa.
Reconter;Quais são os princípios do funcionamento de Reconter?;Reconter contém na sua fórmula oxalato de escitalopram que atua a nível cerebral aumentado os nível de hormônios importantes na regulação do humor, diminuindo os sintomas de ansiedade ou depressão.
Quadrilon;Quais são as instruções para o uso correto de Quadrilon?;Aplicar pequena quantidade de Quadrilon Creme suavemente nas áreas afetadas 2 a 3 vezes ao dia. Em caso de Tinea pedis pode ser necessário um tratamento por 2 a 4 semanas. Observação: outras posologias e a duração do tratamento devem ser estabelecidas pelo médico, de acordo com a gravidade da afecção e a resposta do paciente.
Serenata;Quais os males que Serenata pode me causar?;Os efeitos colaterais são insônia, sonolência, tontura, dor de cabeça, diarreia, boca seca, náusea, problemas a ejacular ou fadiga. Pode surgir também perda de apetite, diminuição da libido, ansiedade, espasmos musculares, aumento do batimento cardíaco, vômitos, prisão de ventre, má digestão e diminuição ou aumento de peso.
Klaritril;Quais são os processos biológicos desencadeados por Klaritril?;Klaritril comprimidos de 500 mg é um antibiótico que se chama claritromicina e que pertence a um grupo de antibióticos conhecidos por macrolídeos.
Vertigium;Existem situações em que o uso de Vertigium não é recomendado?;O vertigium é contra-indicado em casos de depressão ou antecedente de sintomas extrapiramidais ou parkinsonismo.
Helmiben;Em que circunstâncias eu não deveria utilizar Helmiben?;Helmiben está contraindicado para mulheres grávidas ou amamentando e para pacientes com alergia ao Mebendazol, ao Tiabendazol ou a algum dos componentes da fórmula.
Myrafer Gotas;Como usar Myrafer Gotas?;A posologia recomendada varia de acordo com a idade e gravidade da deficiência em ferro:
Mobility;Para que serve Mobility?;Mobility é um suplemento alimentar à base de colágeno hidrolisado em pó, indicado para dores articulares.
Pilocarpina;Quais os males que Pilocarpina pode me causar?;Espasmo ciliar, irritação ocular, congestão vascular conjuntival, cefaléia temporal ou supra-orbitária e indução de miopia, principalmente em pacientes jovens, que iniciaram recentemente a administração. Redução da acuidade visual sob iluminação deficiente. O uso prolongado pode causar opacificação do cristalino. Tal como todos os mióticos, raros casos de deslocamento da retina foram relatados quando usado em indivíduos susceptíveis.
OxyElite Pro;Existem reações adversas conhecidas de OxyElite Pro?;A bula do suplemento não refere efeitos colaterais.
Keytruda;Quais são as orientações específicas para utilizar Keytruda?;As quantidades de Keytruda a utilizar e a duração do tratamento dependem do estado do câncer e da resposta individual de cada paciente ao tratamento, devendo ser indicadas pelo médico, e apenas deve ser administrado por um profissional de saúde.
Magnésia Bisurada;Em que circunstâncias eu não deveria utilizar Magnésia Bisurada?;Este remédio não deve ser utilizado por pessoas com hipersensibilidade aos componentes da fórmula, com hipercalcemia ou distúrbios renais graves.
Nucleo C.m.p.;Quais são as orientações específicas para utilizar Nucleo C.m.p.?;Adultos: 2 a 4 cápsulas por dia. Crianças: 2 cápsulas por dia.
Cicladol;Qual é a posologia recomendada para Cicladol?;Cicladol Comprimidos
Lucretin pó;Quais são os riscos para a saúde relacionados ao uso de Lucretin pó?;As reações adversas mais comuns que envolvem os medicamentos à base de salicilatos são as relacionadas com o trato gastrintestinal, tais como náuseas, má digestão e vômitos.
Midazolam comprimidos;Quais são os riscos para a saúde relacionados ao uso de Midazolam comprimidos?;Este remédio é normalmente bem tolerado nas doses recomendadas. Os raros efeitos secundários, observados ocorrem por causa de seu efeito sedativo, são mais frequentes no início do tratamento e tendem a ir desaparecendo com a continuação deste ou redução da dose. Os efeitos mais frequentemente causados são: sonolência diurna, diminuição na capacidade de se expressar, redução da atenção, confusão mental, cansaço, dor de cabeça, tontura, fraqueza nos músculos, falta de coordenação dos movimentos ou visão dupla.
Xantinon;Qual é o mecanismo de ação de Xantinon?;Xantinon é um medicamento que tem na sua composição metionina e colina, nutrientes considerados essenciais para várias funções do organismo, principalmente para o metabolismo de gorduras e proteínas no fígado.
Neozine;Qual é o mecanismo de ação de Neozine?;Neozine tem na sua composição Levomepromazina, um composto que atua no Sistema Nervoso Central, reduzindo a ação do sistema nervoso central.
Clorpromaz;Em que situações médicas é recomendado o uso de Clorpromaz?;"Clorpromaz está indicado no controle de manifestações de desordens psicóticas; no controle de náusea e vômitos; no alívio da agitação e apreensão antes de cirurgias; na porfiria aguda intermitente; como adjuvante no tratamento de tétano; no controle de manifestações do tipo mania em doenças maníaco-depressivas; no alívio de soluços intratáveis; no tratamento de problemas graves de comportamento em crianças (2 a 12 anos de idade) caracterizadas por combatividade e/ou comportamento hiperexcitado explosivo e em tratamentos curtos de crianças hiperativas que demonstram atividade motora excessiva acompanhada de desordens de condução, consistindo de um ou todos os seguintes sintomas: impulsividade, dificuldade para manter atenção, agressividade, alterações de humor e pouca tolerância à frustração. Clorpromaz pode ser usado nos casos onde há necessidade de ação neuroléptica, vagolítica, simpatolítica, sedativa ou antiemética."
Vytorin;Qual é a finalidade do medicamento Vytorin?;Hipercolesterolemia Primária Vytorin™ é indicado como terapia adjuvante à dieta  para reduzir níveis elevados de colesterol total, colesterol ligado a lipoproteína de baixa densidade (LDL-C), apolipoproteína B (Apo B),  triglicérides (TG) e colesterol não ligado a  lipoproteína de alta densidade (não-HDL-C) e para aumentar os níveis de colesterol ligado a lipoproteína de alta densidade (HDL-C) em pacientes com hipercolesterolemia primária (heterozigótica familiar e não familiar) ou hiperlipidemia mista.  Hipercolesterolemia Familiar Homozigótica (HFHo) Vytorin™, é indicado para reduzir os níveis elevados de colesterol total e de LDL-C em pacientes com HFHo. Os pacientes também podem receber tratamentos adjuvantes (p. ex., aférese de LDL).
Leite de Magnésia;Para que serve Leite de Magnésia?;Leite de Magnésia de Phillips é indicado para o para o tratamento da prisão de ventre ocasional, alívio de azia, má digestão, excesso de acidez do estômago e pode ser usado como laxante e antiácido.
Profenid gotas;Como Profenid gotas atua no organismo para produzir seus efeitos?;O Profenid gotas tem como princípio ativo o cetoprofeno, de natureza não-esteroidal, que possui propriedades antiinflamatória, antitérmica e analgésica.
Benefiber;Quais são as orientações específicas para utilizar Benefiber?;As dosagens recomendadas são:
Arcalion 200 mg;Quais são as instruções para o uso correto de Arcalion 200 mg?;A dose recomendada de Arcalion 200 mg para adultos é de 2 a 3 cápsulas por dia, durante 4 semanas consecutivas, nunca excedendo os 6 meses consecutivos de tratamento.
Glipizida;Qual é a posologia recomendada para Glipizida?;Via oral, deve ser individualizada. Para maior eficácia, deve ser administrado 30 minutos antes de uma refeição. A dose inicial é de 5 mg (1 comprimido) antes do desjejum. Pacientes idosos ou aqueles com doença hepática podem receber inicialmente 2,5 mg. A dose diária é de 40 mg. Superdosagem: a superdosagem de sulfoniluréias pode causar hipoglicemia grave. Tratamento: sintomas de hipoglicemia leve, sem perda de consciência ou sintomas neurológicos devem ser tratados imediatamente com glicose via oral e, ajuste na dose da droga e/ou no padrão de alimentação. Cuidadosa observação médica deverá ser feita até que se assegure que o paciente esteja fora de perigo. Reações hipoglicêmicas severas com convulsões, coma e outros distúrbios neurológicos, não ocorrem com freqüência, mas devem ser consideradas como emergências médicas, requerendo hospitalização imediata. Se houver suspeita ou for diagnosticado coma hipoglicêmico, o paciente deve receber uma rápida injeção intravenosa de solução glicosada concentrada (50%). Este procedimento deve ser seguido por uma infusão contínua de solução glicosada mais diluída (10%) em uma velocidade de infusão que mantenha níveis de glicemia acima de 100 mg/dl. Esses pacientes devem ser cuidadosamente observados por um período mínimo de 24 a 48 horas, uma vez que a hipoglicemia pode ocorrer após aparente melhora clínica.
Glivec 400 mg;Quais são as orientações específicas para utilizar Glivec 400 mg?;A dosagem recomendada de Glivec é de  400 mg por dia para pessoas com leucemia mielóide crônica, e 600 mg por dia para pacientes em fase acelerada ou em crise blástica, podendo a dose ser aumentada nos casos de falta de resposta ao medicamento.Nos casos de leucemia linfoblástica aguda, a dose recomendada é de 600 mg por dia, e em pessoas com tumores estromais gastrintestinais não operáveis ou metastático, a dose recomendada de Glivec é de 400 mg por dia.
Sonrisal;Para que serve Sonrisal?;O Sonrisal é um medicamento indicado como antiácido e analgésico, no tratamento da azia, má digestão e hiperacidez gástrica.
Enterogermina;Há alguma condição específica em que o uso de Enterogermina é desaconselhado?;A Enterogermina não deve ser consumida por pessoas imunocomprometidas, ou seja, que têm deficiências no sistema imunológico.
Dorflex;Qual é o mecanismo de ação de Dorflex?;Dorflex tem na sua composição 3 compostos, Citrato de Orfenadrina, Dipirona Sódica e Cafeína Anidra, responsáveis pelas suas propriedades analgésicas e relaxantes musculares.
Exposis;Quais são os potenciais efeitos indesejados de Exposis?;Não existem informações sobre efeitos colaterais.
Silício Quelado;Qual é o mecanismo de ação de Silício Quelado?;O Silício Quelado é um mineral responsável por regular o metabolismo de diversos tecidos corporais. Uma das suas principais funções consiste na síntese de colágeno tipo I e elastina, tendo uma ação regeneradora e reestruturante da pele, o que lhe confere elasticidade e flexibilidade. Além disso, o Silício Quelado é também indispensável para a saúde das unhas e dos cabelos.
Kaloba;Existem reações adversas conhecidas de Kaloba?;Alguns dos efeitos colaterais de Kaloba podem incluir dor abdominal, vômito, náusea, dor no estômago, azia, diarreia, cólicas, prisão de ventre, sangramento nas gengivas ou nariz, urticária, vermelhidão ou coceira na pele e problemas no fígado.
Lucentis;Há alguma condição específica em que o uso de Lucentis é desaconselhado?;ANTES DE USAR Lucentis: Siga cuidadosamente todas as instruções do seu médico.Elas podem diferir das informações contidas neste folheto.VOCÊ NÃO DEVE USAR Lucentis:• Se você é alérgico (hipersensível) ao ranibizumabe ou a qualquer um dos outros ingredientes do Lucentis listados no começo desta bula.• Se você tiver uma infecção ou suspeita de infecção no olho ou ao redor do olho.• Se você sofrer dor ou vermelhidão no seu olho.Se alguma dessas condições acima se aplicam a você, fale com seu médico. Você não deve receber Lucentis.Se você já teve reação de intolerância grave (hipersensibilidade), fale com seu médico antes de receber Lucentis. Se você acha que pode ser alérgico, pergunte ao seu médico.
Nucleo C.m.p.;Quando não devo usar Nucleo C.m.p.?;O produto não deve ser usado por pacientes com hipersensibilidade conhecida aos componentes da fórmula.
Omcilon;Quais os males que Omcilon pode me causar?;"A administração prolongada do produto pode conduzir a reações adversas conhecidas de ocorrerem com preparações esteróides sistêmicas; por exemplo, supressão adrenal, alteração do metabolismo de glicose, catabolismo de proteínas, ativações da úlcera péptica e outras. Essas são usualmente reversíveis e desaparecem quando o hormônio é descontinuado."
Decongex plus;Existem situações em que o uso de Decongex plus não é recomendado?;Decongex Plus é contraindicado em pacientes que apresentem alergia a quaisquer dos componentes de sua fórmula, aumento anormal da próstata e em crianças menores de dois anos, pois a segurança e eficácia neste caso ainda não foram estabelecidas.
Miocalven D;Quais são os princípios do funcionamento de Miocalven D?;A vitamina D comprovadamente aumenta a absorção de cálcio pelos ossos, regulando amineralização óssea.
Firazyr;Em que circunstâncias eu não deveria utilizar Firazyr?;Não deve ser usado em crianças e em mulheres grávidas ou que estejam a amamentar. É contraindicado em pessoas com alergia a qualquer componente da fórmula.
Berotec;Há alguma condição específica em que o uso de Berotec é desaconselhado?;Não deve ser usado por mulheres grávidas ou que estejam a amamentar e por pessoas com alergia a qualquer componente da fórmula.
Xofigo;Há alguma condição específica em que o uso de Xofigo é desaconselhado?;A bula do medicamento não refere contraindicações de utilização.
Flamostat;Como funciona Flamostat?;O Flamostar é um anti-inflamatório não esteróide que bloqueia a inflamação, possui propriedade que reduz ou elimina a dor e, também, reduz a febre.
Dicinone;Quando não devo usar Dicinone?;"Não são conhecidas contra-indicações ao uso do etansilato; o produto não apresenta efeitos teratogênicos."
MabThera 100 e 500 mg;Quais são os potenciais efeitos indesejados de MabThera 100 e 500 mg?;Os efeitos colaterais mais comuns que podem ocorrer com o uso deste medicamento são infecções bacterianas e virais, redução dos glóbulos brancos, edema linfático, náuseas, coceira e vermelhidão na pele, febre, calafrios, fraqueza, dor de cabeça, bronquite, redução das plaquetas no sangue, queda de cabelo e redução dos níveis de IgG.
Denosumab;Existem situações em que o uso de Denosumab não é recomendado?;Denosumab está contraindicado para pacientes com níveis baixos de cálcio no sangue não tratados e para pacientes com alergia a algum dos componentes da fórmula.
Frontal XR;Qual é o propósito principal de Frontal XR na área da saúde?;Frontal XR (alprazolam) é indicado no tratamento de transtornos de ansiedade.Frontal XR não deve ser administrado como substituição ao tratamento apropriado de psicose (quadro de delírios e alucinações).Os sintomas de ansiedade podem incluir de forma variável: ansiedade, tensão, medo, apreensão, intranquilidade, dificuldades de concentração, irritabilidade, insônia (dificuldade para dormir) e/ou hiperatividade neurovegetativa (síndrome que cursa com respiração curta e superficial, sufocação, palpitações cardíacas ouaumento dos batimentos cardíacos, mãos frias e suadas, boca seca, vertigens, náuseas, diarreia, muitos gases expandindo a cavidade abdominal, rubores, calafrios, micções frequentes, dificuldades de engolir, mudanças do tom de voz, etc.), resultando em manifestações somáticas variadas (diversas manifestações do corpo humano).Frontal XR também é indicado no tratamento dos transtornos de ansiedade associados a outras manifestações como a abstinência ao álcool.Frontal XR também está indicado no tratamento do transtorno do pânico, com ou sem agorafobia (medo de estar em espaços abertos ou no meio da multidão), cuja principal característica é a crise de pânico não esperada, um ataque repentino de apreensão intensa, medo ou terror.
Hidroclorotiazida 25 mg Bula;De que maneira Hidroclorotiazida 25 mg Bula deve ser administrado?;Adultos
Hidroclorotiazida 25 mg Bula;Quais são os processos biológicos desencadeados por Hidroclorotiazida 25 mg Bula?;Hidroclorotiazida 25 mg é composto que pertence à classe das tiazidas e que apresenta ação diurética, ajudando assim a aumenta a eliminação de líquidos do organismo através da urina.
Migral;De que maneira Migral deve ser administrado?;1 comprimido até três vezes ao dia. No tratamento da crise de enxaqueca, 2 comprimidos no primeiro sinal da crise e, não havendo suficiente melhora, tomar 1 comprimido de hora em hora, até a dose máxima de 6 comprimidos por dia. Uma vez individualizada a dose útil, repeti-la nas crises posteriores.
Velcade;Como funciona Velcade?;Velcade tem na sua composição bortezomib que atua interferindo nas estruturas que apresentam um papel importante no controlo da função e do crescimento celular, levando à morte das células cancerígenas.
Foradil 12 mcg;Em que circunstâncias eu não deveria utilizar Foradil 12 mcg?;O Foradil não deve ser usado em casos de alergia ao formoterol ou a qualquer outro componente da formulação.
Litocit;Quais são os processos biológicos desencadeados por Litocit?;Litocil contém na sua fórmula citrato de potássio que modifica a urina, tornando-a menos propensa à cristalização dos sais formadores de pedra nos rins.
Collestra;Como Collestra atua no organismo para produzir seus efeitos?;Collestra é um medicamento feito à base de Fitosteróis, substâncias presentes em diversos vegetais, legumes, castanhas e grãos.
LadySlim;Quais são as orientações específicas para utilizar LadySlim?;A dose recomendada de LadySlim cápsulas é de 2 cápsulas por dia, entre 280 mg de cafeína por dia, não sendo recomendado o seu consumo à noite. As cápsulas devem ser engolidas inteiras, sem mastigar, com um copo de água.
Meclin;Para que serve Meclin?;O Meclin, tem na sua composição cloridrato de meclizina, que é indicado para a prevenção e tratamento da cinetose, prevenção e tratamento das vertigens associadas a labirintites e a Doença de Menière, prevenção e tratamento de náuseas e vômitos induzidos por radioterapia e tratamento de náuseas e vômitos durante a gravidez.
Melxi;Quais são as orientações específicas para utilizar Melxi?;As doses recomendadas:
Desobesi;Quais são as contraindicações para Desobesi?;Contraindicado em pessoas com alergia a qualquer componente da fórmula, doença cardiovascular, incluindo hipertensão moderada a severa e em doentes com hipertireoidismo, glaucoma, distúrbios psiquiátricos, epilepsia e alcoolismo crônico. Não deve ser usado em mulheres grávidas e durante período de amamentação.
Micardis HCT comprimidos;Quais são as instruções para o uso correto de Micardis HCT comprimidos?;O Micardis está disponível nas dosagens 40mg/12,5mg, 80mg/12,5mg ou 80mg/25mg, devendo o médico indicar aquela que mais se adequa a cada caso.
Doxal;Há alguma condição específica em que o uso de Doxal é desaconselhado?;Hipersensibilidade aos componentes da formulação.
Pirazinamida;Como usar Pirazinamida?;A etapa inicial do tratamento da tuberculose, na qual se emprega a pirazinamida, não deve passar dois meses.
Dolamin Flex 125 mg;Quando não devo usar Dolamin Flex 125 mg?;Este remédio não pode ser usado por crianças com menos de 15 anos ou por pessoas nas seguintes situações:
Stavigile;Qual é a finalidade do medicamento Stavigile?;Indicado para tratar a sonolência excessiva associada à narcolepsia.
Ezopen;Quais são os riscos para a saúde relacionados ao uso de Ezopen?;Os efeitos adversos mais comuns são mal-estar no estômago e vômitos, tontura, tremores, perda de consciência, convulsões ou ataques epilépticos, sensação de depressão, agitação, cansaço, confusão, alucinações, febre diminuição das células sanguíneas no exame de sangue, hematomas inesperados e sangramento, reações na pele após exposição ao sol, queda de cabelo.
Zina;O que Zina pretende tratar?;O Zina é um medicamento antialérgico indicado no tratamento dos sintomas associados a doenças alérgicas, como rinite alérgica sazonal incluindo os sintomas oculares, rinite alérgica perene e urticária crônica idiopática.
Donaren;Quais são as contraindicações para Donaren?;Donaren é contra-indicado a pacientes que apresentam alergias à trazodona ou a qualquer componente presente na fórmula.
Proctyl pomada;Qual é o mecanismo de ação de Proctyl pomada?;Proctyl é eficaz no tratamento das afecções anorretais, removendo o tecido lesado e mantendo intacto o tecido são, estimulando sua regeneração, prevenindo ou combatendo infecções locais e cessando rapidamente os fenômenos de sangramento.
Lactosil;Quais são os riscos para a saúde relacionados ao uso de Lactosil?;A bula do medicamento não refere efeitos colaterais.
Neurexan;De que maneira Neurexan deve ser administrado?;A dose recomendada é de 1 comprimido sublingual, de 1 a 3 vezes por dia. Em casos mais graves, de acordo com indicações do médico a dose pode ser aumentada para 12 comprimidos por dia.
Maxidrate;Qual é a posologia recomendada para Maxidrate?;Aplicação nasal. Antes de utilizar Maxidrate, leia as seguintes instruções:1. Destampe o frasco.2. Coloque o frasco sobre o dedo polegar e o atuador entre o dedo indicador e o médio (apoiados nas laterais do atuador).3. Coloque o frasco na narina e empurre o fundo do frasco, usando o polegar contra os dedos indicador e médio, de forma rápida e firme.4. Após aplicação, massageie levemente a lateral do nariz para espalhar o gel. Não aspire profundamente após a aplicação.5. Repita a operação na outra narina, conforme necessário.6. Limpe o aplicador com um lenço de papel.7. Tampe o frasco e guarde-o na embalagem original.Medidas de higiene recomendam o uso individual desse medicamento. O frasco não deve ser reaproveitado.Não use o medicamento com o prazo de validade vencido. Antes de usar observe o aspecto do medicamento.Siga corretamente o modo de usar. Não desaparecendo os sintomas, procure orientação médica.
Gardenal;O que Gardenal pretende tratar?;O Gardenal gotas e Gardenal 100 mg e 50 mg são indicados para prevenir o aparecimento de convulsões em pessoas com epilepsia ou crises convulsivas de outras origens.
Prebictal;Quais são as instruções para o uso correto de Prebictal?;O Prebictal deve ser utilizado por via oral, com ou sem alimentos:
Metadon;Para que serve Metadon?;O Metadon está indicado para o alívio da dor oncológica, como manutenção de tratamento ou na sua agudização. Para o tratamento de desintoxicação de viciados em narcóticos (heróina), em conjunto com serviços médicos e sociais adequados. Para terapia de manutenção temporária de viciados em narcóticos.
Solução de Baryta Composta;Quando não devo usar Solução de Baryta Composta?;Este medicamento é contra-indicado para uso por pacientes com histórico de hipersensibilidade a qualquer um dos componentes da fórmula.O médico deve ser informado na ocorrência de gravidez ou caso a mulher esteja a amamentar na vigência do tratamento ou após o seu término. Este medicamento não deve ser utilizado por mulheres grávidas sem orientação médica.
Epocler solução;Quais são as contraindicações para Epocler solução?;Este medicamento é contraindicado para pessoas hipersensíveis aos componentes da fórmula.
Expec;Em que circunstâncias eu não deveria utilizar Expec?;Expec  está contraindicado para pacientes com alergia ao Iodo, pacientes com doença ou problemas respiratórios, no fígado ou nos rins e para pacientes com alergia ao Cloridrato de oxomemazina, ao Iodeto de potássio, ao Benzoato de sódio, à Guaifenesina ou a algum dos componentes da fórmula.
Cycrin;O que Cycrin pretende tratar?;"Cycrin* é indicado para o tratamento de: 1. Terapia de reposição hormonal na menopausa, como adjunto à terapia de reposição estrogênica; 2.Amenorréia secundária; 3. Sangramento uterino anormal devido a um desequilíbrio hormonal, na ausência de patologias orgânicas como fibróides ou câncer uterino."
Fampridina;Quais são as instruções para o uso correto de Fampridina?;A dose recomendada de Fampridina para adultos é de 1 comprimido, de 12 em 12 horas, de preferência administrado de manhã e à noite.
Zodel;Há alguma condição específica em que o uso de Zodel é desaconselhado?;Este medicamanto não deve ser usado em crianças, mulheres grávidas ou que estejam a amamentar ou em caso de alergia a qualquer componente da fórmula.
Celebra 100 e 200mg;Há alguma condição específica em que o uso de Celebra 100 e 200mg é desaconselhado?;Não deve ser usado por mulheres grávidas ou que estejam a amamentar e pessoas com alergia a qualquer componente da fórmula.
Trimedal;Como Trimedal atua no organismo para produzir seus efeitos?;Trimedal tem em sua composição 5 substâncias, Paracetamol, Maleato de Dimetindeno, Rutosídeo, Cloridrato de Fenilefrina e Ácido Ascórbico, que são responsáveis pelas suas propriedades analgésicas, antitérmicas, anti-histamínicas e descongestionantes.
Dequadin;Há alguma condição específica em que o uso de Dequadin é desaconselhado?;Este remédio não deve ser usado em pessoas com baixas concentrações plasmáticas de colinesterase e com hipersensibilidade a qualquer componente da fórmula ou ao ácido para-aminobenzóico e seus derivados.
Fresh Clear;Qual é o propósito principal de Fresh Clear na área da saúde?;Fresh Clear  (cloridrato de fenilefrina e álcool polivinílico) é indicado para uso como descongestionante e lubriﬁ cante que clareia os olhos e apresenta benefícios no alívio de irritações leves nos olhos causadas por resfriados, rinite, poeira, fumaça, lentes de contato rígidas, sol, água de piscina e do mar, e, vento, na ausência de infecção.
Zanidip;Qual é a finalidade do medicamento Zanidip?;O Zanidip é um remédio destinado ao tratamento da hipertensão arterial leve a moderada, também conhecida como pressão alta.
Gerovital multivitamínico;Quais são os processos biológicos desencadeados por Gerovital multivitamínico?;Gerovital é uma associação composta por Panax ginseng, vitaminas e minerais que atuam contra o cansaço físico e mental, aumentando a resistência do organismo a situações de estresse.
Flogoral spray;Quais são os possíveis efeitos colaterais associados a Flogoral spray?;Informe seu médico o aparecimento de reações desagradáveis como a sensibilização decorrente do uso prolongado de Flogoral (cloridrato de benzidamina).
Trivagel;Há alguma condição específica em que o uso de Trivagel é desaconselhado?;Este medicamento não deve ser usado em pessoas que apresentem manifestações alérgicas a qualquer de seus componentes.
Pílula do dia seguinte Diad;O que Pílula do dia seguinte Diad pretende tratar?;A Diad é uma pílula do dia seguinte e funciona como um contraceptivo de emergência, que pode ser usado para evitar uma gravidez, caso ocorra uma relação sexual desprotegida ou uma falha no método contraceptivo habitual, como pílula anticoncepcional ou preservativo.
Exodus;Qual é a posologia recomendada para Exodus?;A posologia deste medicamento depende do problema a tratar:
Nervium;Qual é a finalidade do medicamento Nervium?;Nos distúrbios emocionais: tensão nervosa, ansiedade, agitação, insônia, humor depressivo-ansioso.
Cystex;Para que serve Cystex?;Indicado como antisséptico nas infeções urinárias e para prevenir formação de pedras nas vias urinárias. Pode ser usado também em infeções da uretra, rins ou bexiga.
Superhist;Quais são os riscos para a saúde relacionados ao uso de Superhist?;Os efeitos colaterais mais comuns são : visão turva, obstipação, diarréia, dificuldade ou dor à micção, tontura, boca seca, cefaléia, irritabilidade, perda do apetite, náusea, insônia, zumbido nos ouvidos, azia, sudorese, sensibilidade aumentada à luz solar. Pode ocorrer sonolência no início do tratamento que tende a desaparecer com a continuação do tratamento.
Emistin;Quais são os possíveis efeitos colaterais associados a Emistin?;Poderão ocorrer sonolência, tontura, aumento de peso, síndrome de Cushing, edema, diminuição da libido do homem, distúrbios do metabolismo hidrocarbonato, depressão mental, euforia. Pode ocorrer mascaramento dos sintomas da contaminação da lesão tratada, por fungos ou outros germes. A grande maioria das reações adversas não são reportadas com freqüência na corticoterapia tópica, mas podem ocorrer freqüentemente com o uso de curativos. Estas reações são descritas em ordem decrescente de ocorrência: queimadura, prurido, irritação, ressecamento, foliculites, hipertricoses, erupções acneiformes, hipopigmentação, dermatites periorais, dermatites alérgicas de contato, maceração da pele, infecção secundária, atrofia dérmica, estrias.
Levitra;Quais são os potenciais efeitos indesejados de Levitra?;Os efeitos colaterais mais frequentes de Levitra incluem: dor de cabeça, tontura, vasodilatação, congestão nasal, congestão sinusoidal, indisposição estomacal, diarreia, dores abdominais e gastrintestinais, náuseas, dor nas costas, tônus muscular aumentado e cãibras e aumento da enzima creatinina fosfoquinase.
Betaserc;De que maneira Betaserc deve ser administrado?;Sempre tome Betaserc exatamente como seu médico lhe receitou.
Tamisa 20;De que maneira Tamisa 20 deve ser administrado?;Tomar um comprimido por dia, aproximadamente à mesma hora, e no dia da semana respetivo ao indicado na cartela, isto é, se se começar o tratamento no Sábado, deve-se tomar o comprimido correspondente a esse dia.
Ciflox;Há alguma condição específica em que o uso de Ciflox é desaconselhado?;Ciflox não deve ser administrado a pessoas com hipersensibilidade ao ciprofloxacino ou aos derivados quinolônicos.Ciflox não deve ser administrado a crianças, adolescentes com menos de 18 anos de idade, mulheres grávidas ou em fase de amamentação, já que não há dados suficientes que assegurem o uso do medicamento nestes grupos de pacientes.
Eparema;Quais são as instruções para o uso correto de Eparema?;O Eparema é para uso exclusivo pela via oral e pode ser tomado antes, durante ou após as refeições.Eparema 206 mg/ml (frasco):
Gelol spray;Quais são os possíveis efeitos colaterais associados a Gelol spray?;As reações adversas mais comuns que envolvem os medicamentos a base de salicilatos são náuseas, má digestão e vômitos. Pessoas asmáticas, com urticária e rinite crônica exibem notável sensibilidade aos salicilatos, que podem provocar aumento da urticária e outras erupções cutâneas, inchaço ao redor dos olhos e lábios, rinite, broncoespasmos severos e falta de ar.
Siluette;Para que serve Siluette?;Siluette é um suplemento alimentar indicado para auxiliar na manutenção de uma dieta saudável, em adultos.
Biovir;O que Biovir pretende tratar?;O Biovir é usado em terapia combinada antirretroviral, no tratamento de infecções causadas por HIV em pessoas que pesam pelo menos 14 kg.
Pulmicort;Quando não devo usar Pulmicort?;Não deve ser usado por mulheres grávidas ou que estejam a amamentar e por pessoas com alergia a qualquer componente da fórmula.
Fentanil;Quando não devo usar Fentanil?;O citrato de fentanila é contraindicado em pacientes com intolerância a qualquer um de seus componentes ou a outros opioides.
Vancocina;Quais são os riscos para a saúde relacionados ao uso de Vancocina?;Os efeitos colateraias mais comuns são reações no local da infusão, como dor e inflamação, zumbido nos ouvidos, tontura e vertigem, toxicidade nos rins, reações na pele e coceira, dor e cólicas abdominais graves, abdômen sensível ao toque, diarreia aquosa e febre.
Tiloxican;Para que serve Tiloxican?;"Tratamento inicial das seguintes doenças inflamatórias e degenerativas, dolorosas do sistema músculoesquelético: artrite reumatóide; osteoartrite; artrose; espondilite anquilosante; afecções extra-articulares, como por exemplo, tendinite, bursite, periartrite dos ombros (síndrome ombro-mão) ou dos quadris; distensões ligamentares e entorses; gota aguda; dor pós-operatória."
Naproxeno;Quais são os princípios do funcionamento de Naproxeno?;O naproxeno, substância ativa deste medicamento, é um anti-inflamatório (reduz a inflamação) com ação analgésica (alívio da dor) e antitérmica (reduz a febre).
Guttalax;Em que situações médicas é recomendado o uso de Guttalax?;O Guttalax é usado no tratamento da prisão de ventre e para facilitar a evacuação intestinal.
Tylenol Bebê;De que maneira Tylenol Bebê deve ser administrado?;Geralmente, a dose dose recomendada de Tylenol infantil varia de 10 a 15 mg/kg/dose, que podem ser administradas de 4 em 4 horas ou de 6 em 6 horas.
Venaflon;Existem reações adversas conhecidas de Venaflon?;Alguns  casos  de alterações digestivas leves e de alterações  neurovegetativas  foram observados, não sendo necessário em nenhum  dos  casos  a interrupção  do tratamento.
Proctium;Quais os males que Proctium pode me causar?;É rara a incidência de reações adversas, tais como, ardor ou irritação local. Informa-se aos desportistas que este medicamento contém um componente que pode estabelecer um resultado analítico positivo no controle de doping.
Bavencio;Quais os males que Bavencio pode me causar?;Os efeitos colaterais mais comuns que podem ocorrer com o uso deste medicamento são anemia, linfopenia, hipotireodismo, diminuição do apetite, dor de cabeça, tonturas, neuropatia periférica, hipertensão, hipotensão, tosse, falta de ar, náuseas, diarreia, obstipação, vómitos, dor abdominal.
Vertix;Há alguma condição específica em que o uso de Vertix é desaconselhado?;Vertix está contraindicado para pacientes com alergia ao Dicloridrato de Flunarizina ou a algum dos componentes da fórmula.
Vitanol A;Em que situações médicas é recomendado o uso de Vitanol A?;Vitanol A é indicado no tratamento das linhas de expressão, manchas e asperezas da pele facial, características do envelhecimento da pele pelo sol e também no tratamento da acne vulgar, especialmente da acne leve ou de grau I, onde predominam os cravinhos e bolinhas de pus.
Ecasil;Como funciona Ecasil?;O ácido acetilsalicílico inibe a síntese de prostaglandinas e do tromboxano A2, prevenindo a adesão plaquetária responsável pela formação de trombos, que podem estar relacionados com o infarto do miocárdio e acidentes vasculares cerebrais.
Blephagel gel;Quais são as orientações específicas para utilizar Blephagel gel?;O Blephagel deve ser aplicado em uma pequena quantidade sobre uma gaze limpa e macia e de seguida passar várias vezes essa gaze sobre as pálpebras e a base dos cílios com os olhos fechados, friccionando suavemente e com pequenos movimentos circulares, de forma a retirar todos os resíduos.
Levordiol;Em que circunstâncias eu não deveria utilizar Levordiol?;Mulheres que apresentarem pelo menos uma das seguintes condições: gravidez suspeita ou confirmada, doenças vasculares cerebrais ou coronarianas, distúrbios graves da função hepática, histórico de icterícia com o uso anterior de contraceptivo hormonal ou de icterícia colestática da gravidez, síndrome de Dubin-Johnson ou Rotor, tromboflebites ou doenças tromboembólicas, diabetes acelerado, anemia falciforme, carcinoma de mama ou dos genitais, suspeito ou confirmado, neoplasia estrógeno-dependente, suspeita ou confirmada, sangramento genital anormal, herpes gravídico. É contra-indicada a utilização deste produto durante o período de amamentação.
Sporostatin 500 mg;Quais são as orientações específicas para utilizar Sporostatin 500 mg?;Os períodos recomendados de tratamento para Tinea capitis são de 4 a 6 semanas, para Tinea corporis são de 2 a 4 semanas, para Tinea pedis, são de 4 a 8 semanas e para a Tinea unguium, dependendo da velocidade de crescimento das unhas dos dedos da mãosão pelo menos 4 meses e unhas dos pés são pelo menos 6 meses.
Halaven;Quais são os possíveis efeitos colaterais associados a Halaven?;Alguns dos efeitos colaterais de Halaven podem incluir diminuição do número de glóbulos brancos ou de glóbulos vermelhos, cansaço ou fraqueza, náusea, vômito, prisão de ventre, diarreia, sensação de dormência, de formigamento ou de picadas, febre, perda de apetite, perda de peso, dificuldade em respirar, tosse, dor nas articulações, nos músculos e nas costas, dores de cabeça ou queda de cabelo e pelos.
Diprosalic;Como Diprosalic atua no organismo para produzir seus efeitos?;Diprosalic contém na sua fórmula dipropionato de betametasona que é um corticoide que possui ação antiinflamatória e diminui a coceira. O ácido salicílico, usado topicamente promove o amaciamento da queratina, elimina o epitélio e descama a pele. Desta forma, a pele fica mais sensível à acção da betametasona.
Levitra;Qual é a finalidade do medicamento Levitra?;Levitra é indicado para o tratamento da impotência sexual masculina, em adultos.
Oxiton;Qual é a posologia recomendada para Oxiton?;Indução ao trabalho de parto - infusão I.V. gota a gota de uma solução de Dextrose a 5% contendo 1 UI de oxitocina por 100 ml.Antes do uso, agitar o frasco para homogeneizar a mistura. Iniciar a infusão com 2 a 8 gotas/ minuto (0,1 a 0,4 ml/minuto ou 1-4 mU/minuto) aumentando gradualmente, se necessário até um máximo de 40 gotas/minuto ( 2 ml/minuto ou 20 mU/minuto). Monitorizar constantemente a freqüência cardíaca do feto suspendendo ainfusão se ocorrer hiperatividade uterina ou esgotamento fetal.Se após a infusão de 500 ml (5 UI de Oxitocina) não se verificar contrações regulares, interromper a tentativa de indução ao trabalho de parto.
Cimelide;De que maneira Cimelide deve ser administrado?;Cimelide 100 mg comprimidos
Fenergan Bula;Qual é a finalidade do medicamento Fenergan Bula?;Utilizado para aliviar os sintomas de alergia como coceira, coriza ou vermelhidão, assim como reações anafiláticas.
Tamisa 20;Quais os males que Tamisa 20 pode me causar?;Os efeitos colaterais mais comuns são náuseas, dor abdominal, aumento de peso corporal, dor de cabeça, depressão ou alterações de humor e dor nas mamas.
Naprosyn;De que maneira Naprosyn deve ser administrado?;Naprosyn deve ser administrado por boca em jejum ou com as refeições.
Permanganato de potássio;De que maneira Permanganato de potássio deve ser administrado?;A dose de permanganato de potássio, deve ser sempre aconselhada pelo médico e pode ser aplicada 2 ou 3 vezes ao dia.
Alividerm;Quais são os princípios do funcionamento de Alividerm?;Alividerm é um medicamento que tem na sua composição Sulfadiazina de Prata, um composto com propriedades antibacterianas e antifúngicas, que atua conta bactérias e fungos.
Afrin;Quais são os possíveis efeitos colaterais associados a Afrin?;Alguns dos efeitos colaterais que podem ocorrer durante o tratamento com Afrin são alergias, nervosismo, agitação, ansiedade, tontura, dificuldade para dormirsonolência, tremores, dor de cabeça, alucinações, visão embaçada, taquicardia, palpitações, hipertensão, hiperemia reativa, sensação de queimação nasal, espirros, aumento da secreção e obstrução nasal, ressecamento nasal, boca seca, irritação nasal e da garganta, náusea, erupção cutânea, convulsões e fraqueza.
Lotensin;De que maneira Lotensin deve ser administrado?;Hipertensão
Metiocolin B12;Quais são os riscos para a saúde relacionados ao uso de Metiocolin B12?;"Metiocolin B12 apresenta um baixo índice de reações adversas; raros distúrbios gástricos como náusea e pirose têm sido relatados. Recomenda-se não ingerir o produto com o estômago vazio."
Lorcaserin;Quais são as instruções para o uso correto de Lorcaserin?;A dose recomendada é de 1 comprimido, 2 vezes por dia. Ao iniciar o tratamento com Lorcaserin, deve ser também iniciado um programa de dieta e exercício físico, indicado pelo seu médico, que deve ser rigorosamente cumprido durante o tratamento com Lorcaserin.
Sulfato de Terbutalina;Quais são os possíveis efeitos colaterais associados a Sulfato de Terbutalina?;O produto é geralmente bem tolerado.Informe seu médico o aparecimento de reações desagradáveis tais como tremor, palpitação, dor-de-cabeça (em menor frequência) e cãibras musculares. Pode ocorrer diminuição dos níveis de potássio no sangue.
Tegrex;O que Tegrex pretende tratar?;- Isoladamente ou em associação com outros anticonvulsivantes, é eficaz em crises parciais, especialmente as complexas, tônicoclônicas generalizadas e combinações destes tipos de crises.-Tratamento inicial da epilepsia, sobretudo em crianças e mulheres.-Fármaco de escolha para neuralgia trigêmea e glossofaríngea.-Distúrbios maníaco-depressivos, com alternativa para os casos que não respondem ao lítio.-Diabetes insípido.-Distonias. - Soluços incoercíveis.- Síndrome de abstinência alcoólica.
Alenia 6/200;Qual é a posologia recomendada para Alenia 6/200?;No tratamento da asma, a dosagem indicada é:
Snif SC;Para que serve Snif SC?;O Snif SC está indicado para tornar as secreções nasais mais fluidas e para descongestionar o nariz, facilitando a respiração, podendo ser utilizado como auxiliar no tratamento das rinites associadas a gripes e resfriados.
Azelan;Como Azelan atua no organismo para produzir seus efeitos?;O Azelan tem na sua composição ácido azelaico que ataca a bactéria Propionibacterium acnes, que possui um papel fundamental no desenvolvimento da acne.
Fenaren Gel;Qual é a finalidade do medicamento Fenaren Gel?;Tratamento local de tendinites dos membros superiores e inferiores. Edemas pós-operatórios e pós-traumáticos.
Detrusitol;Em que circunstâncias eu não deveria utilizar Detrusitol?;Não deve ser usado em mulheres grávidas ou que estejam a amamentar, pacientes com retenção urinária, retenção gástrica, glaucoma não controlado de ângulo estreito ou alergia a qualquer componente da fórmula.
Serzone;Qual é o mecanismo de ação de Serzone?;A farmacocinética da nefazodona e de seus principais metabólitos está sujeita a uma considerável variabilidade inter e intrapessoal.
Maxsulid 400;Qual é o propósito principal de Maxsulid 400 na área da saúde?;O Maxsulid é um remédio analgésico e anti-inflamatório, indicado para tratar a dor e a febre, para o tratamento da inflamação, vermelhidão e inchaço e dor e inflamação dos osssos e das articulações.
Lerin;Quais são os riscos para a saúde relacionados ao uso de Lerin?;Em doses excessivas e uso prolongado: hiperemia ocular, visão turva, pupilas dilatadas, cefaléia, nervosismo, náuseas, aumento da sudorese.
Sepurin comprimidos;Quais são os riscos para a saúde relacionados ao uso de Sepurin comprimidos?;Os efeitos adversos mais comuns ao uso deste medicamento são dor abdominal, náusea, vômitos, reações de pele e ardência ao urinar
Somalgin cardio;Em que circunstâncias eu não deveria utilizar Somalgin cardio?;O Somalgin não poderá ser utilizado em pessoas com alergia ao ácido acetilsalicílico ou a qualquer componente ou excipiente do produto, asma, rinite e/ou pólipos no nariz, úlcera no estômago ou no intestino, grávidas nos três últimos meses de gravidez, anemia ou que já tenham tido esta doença, ou se o tempo para um sangramento parar esteja demorando mais do que o normal e em menores do que 18 anos.
Rifocort pomada;Quais são as orientações específicas para utilizar Rifocort pomada?;Geralmente, é recomendada a aplicação da pomada sobre a área afetada 3 a 4 vezes por dia, ou de acordo com indicação médica.
Budecort Aqua​;Como usar Budecort Aqua​?;Tratamento de Rinites
Tramal retard;Em que situações médicas é recomendado o uso de Tramal retard?;O Tramal Retard é um remédio indicado para o alívio da dor de intensidade moderada a grave.
Nimed;Para que serve Nimed?;Nimed é indicado no tratamento da dor aguda e no tratamento de dores menstruais.
Benzevit prevent;Quais são as contraindicações para Benzevit prevent?;Este remédio não deve ser usado em pessoas com alergia a qualquer um dos componentes presentes na formulação.
MabThera 100 e 500 mg;Quais são as orientações específicas para utilizar MabThera 100 e 500 mg?;Este medicamento deve ser administrado por um profissional de saúde.
Pantelmin;Quais são as contraindicações para Pantelmin?;Este medicamento não deve ser usado em pessoas com hipersensibilidade a qualquer um dos componentes presentes na fórmula, em crianças com menos de 1 ano de idade, em grávidas e mulheres que estejam a amamentar.
Cataflam Sport Ice;Qual é a finalidade do medicamento Cataflam Sport Ice?;Cataflam Sport Ice é indicado para contusões, traumas, dores musculares, câimbras, torcicolos e processos dolorosos e inflamatórios em geral.
Dexason creme;Para que serve Dexason creme?;Antiinflamatório e antipruriginoso tópico utilizado no tratamento de muitas formas de dermatoses. Prurido anogenital inespecífico, dermatoses alérgicas tais como as dermatites de contato, dermatite atópica (eczema alérgico), neurodermatites, pruridos com liquenificações, dermatite eczematóide, eczema alimentar, eczema infantil e dermatite actínica, tratamento sintomático da dermatite seborréica, miliária, impetigo, queimadura devido aos raios solares, picadas de insetos e otite externa (não havendo perfuração da membrana do tímpano). Esta preparação é recomendada como um auxiliar ao tratamento e não como uma substituição à orientação convencional.
Vacina Pneumo 23;Existem situações em que o uso de Vacina Pneumo 23 não é recomendado?;Esta vacina não deve ser usada em pessoas com alergia a qualquer componente do medicamento.
Paspat oral;Quais são os processos biológicos desencadeados por Paspat oral?;Paspat oral é um medicamento que tem na sua composição um lisado bacteriano das estirpes frequentemente associadas às infecções do aparelho respiratório inferior e superior, funcionando como um estimulante biológico do sistema imunológico.
Nimalgex;Há alguma condição específica em que o uso de Nimalgex é desaconselhado?;Nimalgex não deve ser utilizado por:
Sulbamox bd;Existem reações adversas conhecidas de Sulbamox bd?;De um modo geral o medicamento é bem tolerado nas doses terapêuticas indicadas pelo seu médico. As reações adversas mais freqüentes são enjôos, vômitos, diarréia, má digestão e dor no estômago. Essas reações são reversíveis e desaparecem de maneira espontânea ou com a suspensão do tratamento.Informe seu médico o aparecimento de reações desagradáveis.
Clusivol;De que maneira Clusivol deve ser administrado?;Clusivol composto pode ser misturado com água, chá, suco ou com alimentos, e tomado numa vez única ou dividida em duas vezes. Geralmente a dose recomendada é:
Salder S;Em que circunstâncias eu não deveria utilizar Salder S?;Hipersensibilidade a qualquer um dos seus componentes.
Hixizine;Quando não devo usar Hixizine?;Hixizine está contraindicado para grávidas e para pacientes com alergia ao Dicloridrato de Hidroxizina​ ou a algum dos componentes da fórmula.
Novolin N;Quais são os possíveis efeitos colaterais associados a Novolin N?;A reação adversa mais frequentemente relatada durante o tratamento é hipoglicemia.
Mesigyna;Há alguma condição específica em que o uso de Mesigyna é desaconselhado?;A Mesigyna não deve ser usada nas situações seguintes:
Giotrif;Quais são os processos biológicos desencadeados por Giotrif?;Giotrif contém afatinib que bloqueia a ação de umas substâncias presentes no câncer, impedindo que as suas células cresçam, multipliquem e invadam outros órgãos, espalhando o câncer pelo corpo.
Lipomax;Como usar Lipomax?;Recomenda-se tomar 2 cápsulas, três vezes ao dia, antes das refeições, com um copo de água.
Diabinese;Quais são as instruções para o uso correto de Diabinese?;Tratamento inicial:O paciente diabético estável de meia idade, com diabetes mellitus não dependente de insulina (DMNDI) de grau leve a moderadamente severo, deve iniciar com a dose diária de 250mg (um comprimido). Devido ao fato do paciente diabético geriátrico parecer ser mais sensível ao efeito hipoglicêmico das sulfoniluréias, seu tratamento deve ser iniciado com doses menores de Diabinese: 125 mg diários. Não é necessário um período de transição ao transferir pacientes em uso de outros hipoglicemiantes orais para Diabinese. O medicamento anterior pode ser descontinuado em qualquer ocasião, e a clorpropamida iniciada imediatamente. Ao prescrever a clorpropamida, deverá ser dada a devida consideração a sua maior potência. A grande maioria dos pacientes de meia idade com diabetes estável leve ou moderadamente severo, em tratamento com insulina, pode passar a usar diretamente a droga oral, com descontinuação imediata da insulina. Nos pacientes que necessitam de mais de 40 unidades diárias de insulina, Diabinese pode seriniciado com uma redução de 50% de insulina durante os primeiros dias, com reduções subsequentes dependendo da resposta.Durante o período de retirada da insulina, o paciente deve ser submetido a exames de urina para detecção de glicose e corpos cetônicos, pelo menos três vezes ao dia e os resultados devem ser reportados frequentemente ao médico. No caso de resultados anormais, o médico deve ser notificado imediatamente. Em alguns casos é aconselhável considerar a hospitalização durante o período de transição.Cinco a sete dias após o início do tratamento, o nível sérico de clorpropamida atinge um platô. A dosagem pode ser subsequentemente ajustada para aumento ou redução, sendo que os aumentos não deverão ser superiores a 50-125 mg em intervalos de três a cinco dias para obtenção do controle ideal. Ajustes mais frequentes em geral não são aconselháveis.Terapia de manutenção:A maioria dos pacientes de meia idade com diabetes (DMNDI) estável moderadamente severo é controlada com aproximadamente 250mg diários (um comprimido). Vários investigadores constataram que alguns pacientes com diabetes de menor intensidade são bem controlados com doses diárias de 125 mg (1/2 comprimido) ou menos. Muitos dos pacientes diabéticos mais graves podem requerer 500 mg diários (dois comprimidos) para um controle adequado.OS PACIENTES QUE NÃO RESPONDEM ADEQUADAMENTE À DOSE DE 500MG DIÁRIOS GERALMENTE NÃO RESPONDERÃO A DOSES MAIS ELEVADAS.Doses de manutenção superiores a 750mg diários (três comprimidos) devem ser evitadas.
Addera D3 gotas;Há alguma condição específica em que o uso de Addera D3 gotas é desaconselhado?;O Addera D3 em gotas não deve ser utilizado em pacientes que apresentam hipersensibilidade aos componentes da fórmula.
Cymbalta;De que maneira Cymbalta deve ser administrado?;Cymbalta existe sob a forma de comprimidos que se destinam a ser tomados por via oral inteiros com água, independentemente das refeições.
Valmane;Qual é o propósito principal de Valmane na área da saúde?;Indicado para problemas de sono, como dificuldade em adormecer e agitação durante o sono. Pode ser usado também como tranquilizante para tratar stress e ansiedade.
Sabril 500 mg;Quais são as orientações específicas para utilizar Sabril 500 mg?;Tratamento da epilepsia:
Maxidrate;Quais são os possíveis efeitos colaterais associados a Maxidrate?;Em alguns casos, foi observada nos primeiros dias de uso do medicamento a ocorrência de ardência na mucosa nasal, que desapareceu após alguns dias de utilização do medicamento. Esta tende a ocorrer com maior frequência quando o paciente aspira diretamente o gel nasal, evento que deve ser evitado por meio de uma leve massagem da lateral do nariz após a aplicação.Não existem registros de efeitos adversos com o uso deste medicamento.Informe ao médico ou cirurgião-dentista o aparecimento de reações indesejáveis.
Arnica Weleda;Quais são os possíveis efeitos colaterais associados a Arnica Weleda?;Ainda não são conhecidas a intensidade e frequência de efeitos colaterais.
Adalat;Quais são os processos biológicos desencadeados por Adalat?;Adalat cápsulas, Adalat retard e Adalat oros, têm na sua composição a substância ativa o Nifedipino.
Flebon;Há alguma condição específica em que o uso de Flebon é desaconselhado?;Flebon está contraindicado para pacientes com alergia aos extratos de Pinus pinaster​ ou a algum dos componentes da fórmula.
Dasten;Quais são os potenciais efeitos indesejados de Dasten?;Boca seca, constipação, nervosismo e insônia, devidos em parte à mudança dos hábitos alimentares e que poderão ser controlados mediante redução da dose, sendo mais freqüentes em pessoas sensíveis à substância. Recomenda-se uma reavaliação do paciente pelo médico assistente, caso ocorram palpitações, taquicardias, enjôos, náuseas, sintomas estes comuns ao uso dos moderadores de apetite em geral.
Boldine;Em que situações médicas é recomendado o uso de Boldine?;Boldine é indicado para o tratamento de distúrbios digestivos leves, atuando na redução de espasmos intestinais e tratamento de distúrbios hepatobiliares, com ação colagoga e colerética.
Cápsulas de Goji Berry;Qual é o mecanismo de ação de Cápsulas de Goji Berry?;Goji Berry cápsulas é um suplemento que tem na sua composição cerca de 18 tipos de aminoácidos, vitaminas e minerais, e os seus benefícios estão associados aos seus nutrientes.
Clomid 50 mg;Quais são as contraindicações para Clomid 50 mg?;Não deve ser usado por mulheres grávidas ou que estejam a amamentar e por pessoas com alergia a qualquer componente da fórmula.
Agasten;Qual é a finalidade do medicamento Agasten?;Agasten xarope ou comprimido é indicado para o tratamento dos sinais e sintomas de reações alérgicas na pele, rinite alérgica e picadas de insetos, em adultos e crianças.
Imosec;Quais são as instruções para o uso correto de Imosec?;O seguinte esquema médico é recomendado:
Ansiodoron;Quais são as contraindicações para Ansiodoron?;Ansiodoron está contraindicado para pacientes com alergia a algum dos componentes da fórmula.
Naxogin 500;Quais são as contraindicações para Naxogin 500?;O Naxogin 500 não deve ser administrado na gravidez.
Fenergan xarope;Qual é a posologia recomendada para Fenergan xarope?;A dose recomendada para adultos é de 1 ou 2 colheres de chá, a cada 2 ou 3 horas. Para alívio das tosses noturnas, basta uma dose de 2 colheres de chá antes de deitar.
Sonebon;Como usar Sonebon?;"Adultos: 1 a 2 comprimidos ao deitar. Pessoas idosas: 1/2 a 1 comprimido ao deitar. Crianças acima dos 6 anos: de 6 a 10 anos usar 1/4 a 1/2 comprimido ao deitar; acima de 10 anos usar 1/2 a 1 comprimido ao deitar. Se o efeito desejado for alcançado, deve-se diminuir a posologia, por exemplo, à metade. Uma posologia menor pode ser suficiente. - Superdosagem: geralmente não produz efeitos colaterais sérios, mas dependendo da quantidade ingerida pode chegar a produzir até sono profundo ou coma. Recomenda-se suspender imediatamente o medicamento. As medidas a serem tomadas incluem lavagem gástrica, seguida dos cuidados de suporte, monitoramento dos signos vitais e observação do paciente."
Adesivo Dorflex Icy Hot;Para que serve Adesivo Dorflex Icy Hot?;Dorflex Icy Hot é indicado para o tratamento de situações onde há dor e inflamação como contusões ou traumas, dores musculares, cãibras ou torcicolos, em adultos.
Livalo;Quando não devo usar Livalo?;Livalo está contraindicado para mulheres grávidas, em idade fértil ou amamentando, pacientes com doença no fígado, pacientes em tratamento com ciclosporina e para pacientes com alergia a algum dos componentes da fórmula.
Enoxalow;De que maneira Enoxalow deve ser administrado?;AdultosPrevenção da coagulação do circuito extracorpóreo durante a hemodiálise. Recomenda-se a dose de 1 mg/Kg de enoxaparina sódica aplicada na parte arterial do circuito (via intravenosa) ao ser iniciada a sessão de hemodiálise.Como usar:Este medicamento é apresentado em seringas de 20mg, 40 mg, 60mg, 80mg e 100mg e deve ser utilizado por via intravenosa. Os medicamentos parenterais devem ser inspecionados visualmente para se detectar partículas ou mudança de coloração antes da administração.
Xenical;Em que situações médicas é recomendado o uso de Xenical?;Xenical está indicado para o tratamento a longo prazo de pacientes com sobrepeso ou obesidade, incluindo pacientes com fatores de risco associados à obesidade, em conjunto com uma dieta levemente hipocalórica.
Oximax;Para que serve Oximax?;Oximax 200 μg e Oximax 400 μg está indicado para o controle dos sinais e sintomas no tratamento e na profilaxia da asma.
Trifedrin;O que Trifedrin pretende tratar?;"Trifedrin Xarope Infantil é indicado para o alívio sintomático da tosse em lactentes e crianças, nas seguintes condições: resfriados comuns, bronquite aguda e crônica, asma alérgica, bronquiolite, ""crupe"" e traqueobronquite."
Vitacid Plus;Quais são as orientações específicas para utilizar Vitacid Plus?;O creme deve ser utilizado à noite, 30 minutos antes de deitar.
Azimix comprimidos;Como Azimix comprimidos atua no organismo para produzir seus efeitos?;O Azimix contém azitromicina que é uma substância capaz de se ligar às bactérias que estão causando infecção e impedir a formação de proteínas. Desta forma, a bactéria deixa de ter as proteínas necessárias para se multiplicar, acabando por morrer e desaparecer.
Euforin;Para que serve Euforin?;Na fadiga física e mental. Adjuvante no tratamento dos estados patológicos complicados de hiperamoniemia, cirroses e insuficiências hepáticas, hepatite por vírus. Queimaduras graves. Infecções graves.
Exluton anticoncepcional;Como Exluton anticoncepcional atua no organismo para produzir seus efeitos?;O Exluton é considerado uma minipílula porque tem na sua composição apenas progestagênio que age prevenindo que as células do esperma penetrem no útero e impedem em 70 % dos casos que ocorra ovulação.
Psorex;Quais são as contraindicações para Psorex?;Não deve ser usado em crianças com menos de 1 ano de idade, mulheres grávidas ou que estejam a amamentar e pessoas com alergia a qualquer componente da fórmula.
Niar;Qual é a posologia recomendada para Niar?;"Em associação com a levodopa ou com as associações da levodopa + inibidores da descarboxilase: posologia inicial de ½ ou 1 comprimido ao dia, pela manhã ou em duas administrações diárias. nos pacientes que apresentam discinesias, acinesias e fenômenos de flutuações (""on-off""): a dose de manutenção, geralmente, é dedois comprimidos ao dia.Para aqueles pacientes que recebem doses máximas de levodopa e inibidor periférico sem obter benefícios terapêuticos satisfatórios, agregar selegilina diretamente ao tratamento usual do paciente com o mesmo esquema anterior. caso haja efeitos adversos da l-dopa, reduzir esta ã medida que se chega à dose ótima de selegilina. doses maiores que 10mg/dia não são mais eficazes e podem levar a reação hipertensiva mediada pela tiramina."
Dermotivin Control;O que Dermotivin Control pretende tratar?;Dermotivin control é uma gama de produtos indicados para a higiene da pele muito oleosa.
Glifage;Em que situações médicas é recomendado o uso de Glifage?;Glifage ou Glifage XR é indicado para o tratamento da diabetes do tipo 2 ou no tratamento da diabetes tipo 1 quando associado ao tratamento com insulina, em adultos. Além disso, Glifage ​ou Glifage XR também é indicado para casos de Síndrome dos Ovários Policísticos, no tratamento do excesso do peso frequentemente associado a esta condição.
Selozok;Quais os males que Selozok pode me causar?;As reacções adversas mais comuns são alterações do batimento cardíaco, mãos e pés frios, cansaço, fraqueza, náuseas, vômitos ou diarreia.
Lioresal 10 mg;Existem situações em que o uso de Lioresal 10 mg não é recomendado?;Este medicamento não deve ser usado em pessoas com hipersensibilidade a qualquer um dos componentes presentes na fórmula.
Gynotran;Como funciona Gynotran?;Gynotran é um medicamento que tem na sua composição Metronidazol e Nitrato de Miconazol, compostos responsáveis pelas suas propriedades antimicóticas, antibacterianas e anti-tricomoniásicas, sendo assim eficaz contra fungos, bactérias e Trichomonas.
Sonebon 5 mg;Para que serve Sonebon 5 mg?;Sonebon é indicado para tratamento da insônia, qualquer que seja a sua etiologia.
Naturetti;De que maneira Naturetti deve ser administrado?;Adultos e crianças acima de 8 anos - 1 cápsula ao deitar. Em algumas pessoas pode ser necessário o uso de 2 cápsulas por dia (o aumento da dosagem deve ser acompanhado pelo médico).
Kolpitrat Creme;De que maneira Kolpitrat Creme deve ser administrado?;Introduzir um aplicador cheio (4 g) por noite, profundamente na vagina, durante 10 dias consecutivos
Cataflam Sport Ice;Qual é o mecanismo de ação de Cataflam Sport Ice?;A ação gelada em spray provoca resfriamento do local, aliviando a dor e reduzindo o inchaço e a vermelhidão.
Lorax;Quais são os riscos para a saúde relacionados ao uso de Lorax?;Lorax  pode causar efeitos colaterais tais como:
Fresh Clear Solução oftálmica;Quando não devo usar Fresh Clear Solução oftálmica?;Fresh Clear Solução oftálmica está contraindicado para crianças, pacientes com glaucoma de ângulo fechado e para pacientes com alergia ao cloridrato de fenilefrina​, ao álcool polivinílico​ ou a algum dos componentes da fórmula.
Gilenya;Quais os males que Gilenya pode me causar?;Os efeitos colaterais mais comuns que podem ocorrer com o uso deste medicamento são bronquite com sintomas como tosse com catarro, dor no peito e febre, gastroenterite com sintomas como vômitos, náuseas, diarreia e febre, infecções por vírus da herpes com sintomas como bolhas, ardor, coceira ou dor ao redor da boca ou genitais e frequência cardíaca baixa.
Helmiben;Em que situações médicas é recomendado o uso de Helmiben?;Helmiben ou Helmiben NF é indicado para o tratamento de infeções simples ou mistas causadas por vermes e parasitas, em adultos e crianças.
Azelan;Qual é o propósito principal de Azelan na área da saúde?;O Azelan creme é indicado para o tratamento da acne vulgar, manifestada por comedões, pápulas, pústulas e cistos.
Bontoss xarope;Existem situações em que o uso de Bontoss xarope não é recomendado?;O Bontoss xarope não deve ser usado em pessoas com alergia à bromexina ou a outro componente do xarope. Também não deve ser usado em pessoas com intolerância à frutose.
Aspirina;Quais são as orientações específicas para utilizar Aspirina?;A dosagem e duração do tratamento devem ser sempre indicados pelo médico, sendo normalmente:
Zometa;Quais os males que Zometa pode me causar?;"Como todos medicamentos, Zometa pode causar alguns eventos adversos. Os mais comuns são normalmente leves e provavelmente desaparecerão após um curto período de tempo. Os seguintes eventos adversos foram relatados: Se qualquer um dos eventos adversos se tornar grave, avise seu médico. Muito comum (afetando mais de 1 em cada 10 pacientes) • Nível baixo de fosfato no sangue Comum (afetando menos de 1 em cada 10 pacientes) • Dor de cabeça e sintomas de gripe como febre, fadiga, fraqueza, sonolência, calafrios e dores ósseas, musculares e nas juntas; Reações gastrintestinais tais como náuseas, vômitos, e perda de apetite. Nível baixo de células vermelhas (anemia);  Nível baixo de cálcio no sangue; Dores ósseas, musculares, nas juntas e generalizadas. exames sanguíneos indicando alterações na função renal (níveis mais altos de creatinina); Conjuntivite, como relatado com outros bisfosfonatos (o grupo de substâncias no qual o Zometa pertence).Incomum (afetando menos de 1 em cada 100 pacientes) • Dor na boca, nos dentes e na mandíbula, feridas ou inchaço no interior da boca, dormência ou “sensação de mandíbula pesada” ou dente mole. Estes podem ser sinais de dano ósseo da mandíbula (osteonecrose). Se você sentir qualquer um destes sintomas, avise seu oncologista ou dentista imediatamente; Alterações na função renal incluindo insuficiência renal grave. Tais alterações também são conhecidas por ocorrer com outros medicamentos deste tipo. Adicionalmente, casos de doença renal foram reportados; Reações de hipersensibilidade.; Pressão arterial baixa; Dor no peito; Reações cutâneas (vermelhidão e inchaço) no local da injeção, erupção cutânea (rash), coceira; pressão arterial alta; Dificuldade de respirar; Tontura; Distúrbios do sono; Formigamento ou dormência nas mãos ou nos pés; Diarréia; Contagem baixa de células brancas e de plaquetas;  Nível baixo de magnésio e de potássio no sangue. Seu médico irá monitorá-lo e tomar as medidas necessárias. Raras (afetando menos de 1 em cada 1000 pacientes) • Inchaço principalmente na face e garganta; Nível alto de potássio e sódio no sangue; Batimento cardíaco lento; Confusão; Casos muito raros (afetando menos de 1 em cada 10000 pacientes) • Desmaio devido a pressão arterial baixa; Dores graves e ocasionalmente incapacitante nos ossos, juntas e músculos;  Sonolência; Batimento cardíaco irregular; Dificuldade de respirar com chiado ou tosse; Olhos vermelhos e doloridos; Reação alérgica grave; Erupção cutânea (rash) com coceira. Também foi observado ritmo cardíaco irregular (fibrilação atrial) em pacientes recebendo ácido zoledrônico 5 mg para osteoporose na pós-menopausa. Atualmente não está claro se o ácido zoledrônico causa este ritmo cardíaco irregular mas você deve informar seu médico se sentir tais sintomas após ter recebido ácido zoledrônico. Outros bisfosfonatos podem causar dificuldades de respiração em pacientes com asma que são alérgicos à aspirina. Entretanto, nenhum destes casos foi relatados com o uso de Zometa."
Viticromin;Como funciona Viticromin?;Viticromin é um remédio fitoterápico que aumenta a pigmentação da pele, pois apresenta uma ação foto-sembilizante.
Parlodel;Existem reações adversas conhecidas de Parlodel?;"Algumas pessoas podem apresentar efeitos colaterais durante o tratamento com Parlodel/Parlodel SRO.Alguns efeitos podem ser graves:• Azia, dor no estômago recorrente ou fezes escuras;• Início súbito de sono;• Diminuição inexplicada da freqüência respiratória e dificuldade em respirar;• Dor grave no peito;• Dor lombar, inchaço nas pernas e dor ao urinar;• Dor de cabeça grave, progressiva ou persistente e, ou problemas com sua visão (tal como visão borrada);• Sintomas tais como rigidez muscular, agitação, febre muito alta, ritmo cardíaco acelerado e flutuações extremas na pressão sangüínea;• Um problema específico do coração denominado fibrose da válvula cardíaca.Se você apresentar alguns destes sintomas, avise seu médico imediatamente.Outros efeitos colaterais:Comum (menor que 1 em cada 10 pessoas, mas maior que 1 em cada 100 pessoas): dor de cabeça, sonolência, vertigem, congestão nasal, constipação, vômitos.Incomum (menor que 1 em cada 100 pessoas, mas maior do que 1 em cada 1.000 pessoas): reações alérgicas na pele, queda de cabelo, confusão, agitação psicomotora, alucinações (visão, audição, olfato ou sensação de coisas que não estão ali), secura da boca, discinesia (dificuldade na performance dos movimentos voluntários), cansaço, baixa pressão sangüínea especialmente quando você se levanta e pode ocasionalmente levar ao desmaio, câimbras nas pernas.Rara (menor que 1 em cada 1.000 pessoas): diarréia, dor no estômago ou abdômen, inchaço dos braços e das pernas, batimento cardíaco acelerado, batimento cardíaco lento, batimento cardíaco irregular, diminuição da freqüência da respiração ou dificuldade em respirar, desordens psicóticas/psíquicas, distúrbios do sono (insônia), sonolência, formigamento ou entorpecimento das mãos ou pés (parestesia), zumbido nos ouvidos.Muito rara (menor que 1 em cada 10.000 pessoas): sonolência excessiva durante o dia, dedos das mãos e dos pés pálidos quando expostos ao frio, aumento do interesse sexual.Em mulheres após o parto ou aborto, têm sido relatados casos raros de hipertensão, infarto do miocárdio, apreensão, ataque ou desordens psíquicas. Entretanto, a relação causal destes efeitos para Parlodel é incerta.Se alguns destes efeitos afetar você gravemente, diga ao seu médico.Se você perceber qualquer outro efeito colateral não mencionado nesta bula, por favor informe seu médico ou farmacêutico.Informe ao seu médico ou cirurgião-dentista o aparecimento de reações indesejáveis."
Xylocaína;Qual é o propósito principal de Xylocaína na área da saúde?;Xylocaína gel é indicada como anestésico de superfície e lubrificante durante procedimentos endouretrais, e no tratamento da dor associada a cistite ou uretrite, em homens e mulheres.
Postafen;Qual é a posologia recomendada para Postafen?;O postafen deve ser tomado inteiro, com um líquido, 3 vezes ao dia.
Elani Ciclo;Existem situações em que o uso de Elani Ciclo não é recomendado?;Não usar em caso de suspeita de gravidez ou durante a gestação, período de amamentação ou por pessoas com alergia a qualquer componente da fórmula.
Uno ciclo;Em que situações médicas é recomendado o uso de Uno ciclo?;Anticoncepcional injetável de uso mensal. Uno-Ciclo pode ser utilizado também no controle das irregularidades menstruais e como medicação supletiva estrogenoprogestacional, a critério médico.
Guttalax;Existem reações adversas conhecidas de Guttalax?;Os efeitos colaterais mais comuns que podem ocorrer com o uso deste medicamento são diarreia, cólicas abdominais, dor abdominal e desconforto abdominal.
Nutraplus Loção;O que Nutraplus Loção pretende tratar?;"No tratamento da pele seca e áspera; hiperqueratose palmar e plantar (espessamento da pele das palmas das mãos e pés); ictiose vulgar (doença caracterizada por ressecamento e descamação da pele)."
Neosaldina;Qual é a finalidade do medicamento Neosaldina?;Neosaldina é indicada para o tratamento de diversos tipos de dores de cabeça, como a dor de cabeça tensional ou enxaqueca e para o tratamento das cólicas, em adultos e crianças com mais de 12 anos de idade.
Aerogold;Quais são os possíveis efeitos colaterais associados a Aerogold?;Alguns dos efeitos colaterais de Aerogold​ podem incluir aumento dos batimentos do coração, tremores ligeiros e dor de cabeça.
Lotensin;Em que situações médicas é recomendado o uso de Lotensin?;O Lotensin é um remédio usado no tratamento da hipertensão arterial e no tratamento adjuvante da insuficiência cardíaca congestiva.
Gino;Quais os males que Gino pode me causar?;Como qualquer medicamento, Gino-Canesten 1 comprimido vaginal pode provocar efeitos colaterais.
Miocardil;Em que situações médicas é recomendado o uso de Miocardil?;_Profilaxia e terapêutica do déficit neurológico isquêmico devido a vasoespasmo cerebral após hemorragia subaracnóide. A NIMODIPINA está indicada também nos casos de insuficiência vascular cerebral crônica, principalmente em pacientes idosos, na cefaléia e no tratamento profilático da enxaqueca.
Pyverm;Quando não devo usar Pyverm?;Pyverm é contraindicado em casos de hipersensibilidade ao embonato de pirvínio ou qualquer componente da fórmula.
Pasalix;Quais são os possíveis efeitos colaterais associados a Pasalix?;Os efeitos colaterais mais comuns que podem ocorrer com Pasalix são dor de estômago, enjoos, suor excessivo, coceira generalizada, sedação e tontura.
Rafex;Em que situações médicas é recomendado o uso de Rafex?;Rafex está indicado como anti-histamínico no tratamento das manifestações alérgicas, tais como rinite alérgica e urticária.
Frademicina;Em que circunstâncias eu não deveria utilizar Frademicina?;Pacientes hipersensíveis a lincomicina ou a clindamicina. No tratamento de infecções bacterianas leves ou por virus.
Regulare;Quando não devo usar Regulare?;Na bula de Regulare não são referidas contraindicações do produto.
Domperix;Em que situações médicas é recomendado o uso de Domperix?;Domperix é indicado para o tratamento de problemas no estômago e de digestão, como esvaziamento gástrico, refluxo gastroesofágico e esofagite, em adultos.
Zyprexa comprimidos;Qual é a finalidade do medicamento Zyprexa comprimidos?;O Zyprexa é indicado para o tratamento agudo e de manutenção da esquizofrenia e outros transtornos mentais em adultos, nos quais sintomas positivos e sintomas negativos são proeminentes.
Proctium;Existem situações em que o uso de Proctium não é recomendado?;Tuberculose ativa, processos treponêmicos ativos e dermatite virásica. Alergia conhecida aos componentes da fórmula. - Advertências: o uso tópico de corticóides pode mascarar os sinais e sintomas de eventual contaminação da lesão por bactérias, fungos ou vírus. Interações medicamentosas: a lidocaína deve ser usada com cuidado em pacientes tratados com antiarrítmicos, como a tocainida, pois há adição de efeitos tóxicos.
Triatec;De que maneira Triatec deve ser administrado?;A dose inicial recomendada é de 2,5 mg de ramiprila uma vez ao dia. Dependendo da resposta do paciente, a dose pode ser aumentada em intervalos de 2 a 3 semanas, primeiro para 5 mg e depois até um máximo de 10 mg uma vez ao dia ou um diurético pode ser adicionado. Em pacientes tratados com diuréticos, pode ocasionalmente ocorrer hipotensão maior que a desejada após a primeira dose de Triatec. Devido a isto, se possível o tratamento com o diurético deve ser descontinuado 2 a 3 dias antes do início do tratamento com Triatec. Se não for possível, o tratamento inicial com Triatec deve começar com uma dose de 1,25 mg uma vez ao dia e, em seguida, ser ajustada conforme as necessidades do paciente. Os comprimidos devem ser tomados inteiros durante ou após as refeições com bastante líquido. Posologia ajustada em pacientes com comprometimento renal: a dose recomendada acima é adequada para pacientes com níveis de clearance de creatinina maior ou igual a 50 ml/min (creatinina sérica menor que 1,5 mg/dl). Para pacientes com níveis de clearance de creatinina entre 20 e 50 ml/min (creatinina sérica entre 1,5 e 3 mg/dl), a dose inicial e 1,25 mg de ramiprila uma vez ao dia e a dose máxima e 5 mg uma vez ao dia. Para pacientes com níveis de clearance de creatinina menor que 20 ml/min (creatinina sérica maior que 3 mg/dl), a dose inicial recomendada é também 1,25 mg de ramiprila em dias alternados, mas a dose de manutenção não deve exceder 2,5 mg uma vez ao dia. Posologia em pacientes com comprometimento hepático: em pacientes com comprometimento hepático, o metabolismo de ramiprila - com consequente formação do metabólito ativo ramiprilato - é retardado devido à atividade diminuída das esterases hepáticas, resultando em níveis plasmáticos elevados de ramiprila. O tratamento com Triatec deve por isso ser iniciado sob rigorosa supervisão médica e não deve exceder 2,5 mg por dia. - Superdosagem: em caso de superdosagem é de se esperar uma hipotensão excessiva. Pode ser necessário tratamento com infusão intravenosa de solução fisiológica e/ou angiotensina II.
Infralax;Como Infralax atua no organismo para produzir seus efeitos?;O Infralax apresenta na sua composição relaxante muscular, antiinflamatório e analgésico, indicados no tratamento do reumatismo, o qual em geral , está associado a queixas como a dor e sinais inflamatórios como inchaço, calor local e eventual limitação de mobilidade.
Nutraplus;Como usar Nutraplus?;Aplique uniformemente nas áreas ressecadas da pele 2 ou 3 vezes por dia. Use regularmente para manter a pele macia e hidratada, especialmente após exposição ao vento ou outras condições ressecantes.
Policlavumoxil;Quais são as contraindicações para Policlavumoxil?;A administração de Policlavumoxil é contraindicada a: mulheres grávidas especialmente no primeiro trimestre de gravidez, a crianças com idade inferior a 2 meses, pacientes com hipersensibilidade ás penicilinas ou a outros componentes da fórmula e a pacientes com disfunção do fígado ou icterícia associados ao uso de penicilinas.
Reducofen;Qual é a posologia recomendada para Reducofen?;1 cápsula ao dia, durante o almoço ou jantar. Reducofen, associado a uma dieta apropriada, constitui um tratamento sintomático de longa duração, que deve ser regularmente monitorado.Conservar o medicamento em temperatura ambiente (15º a 30ºC), proteger da luz e umidade.Desde que seguidos os cuidados de conservação, o prazo de validade de Reducofen é de 36 meses, a contar da data de fabricação (vide embalagem externa).
Lexotan;Quais são as contraindicações para Lexotan?;Lexotan está contraindicado para crianças, mulheres grávidas ou amamentando, pacientes com insuficiência respiratória grave, doença do fígado grave, síndrome de apneia do sono e para pacientes com alergia ao Bromazepam ou a outros componentes da fórmula.
Ginecol;Quais são as contraindicações para Ginecol?;Ginecol está contraindicado para pacientes com alergia ao Nitrato de Isoconazol ou a outros componentes da fórmula.
Dieloft;Como Dieloft atua no organismo para produzir seus efeitos?;Dieloft age sobre uma substância encontrada no cérebro, chamada de serotonina, aumentando sua disponibilidade e com isso aliviando os sintomas depressivos e ansiosos, típicos dos transtornos para os quais é indicado.
Azulfin;Qual é o propósito principal de Azulfin na área da saúde?;"Gastroenterologia: Azulfin é indicado no tratamento da retocolite ulcerativa inespecífica; colite ulcerativa média ou moderada; como terapia adjuvante na colite ulcerativa severa; doença de Crohn. Reumatologia: Azulfin é indicado no tratamento da artrite reumatóide e da espondilite anquilosante. Azulfin em comprimidos revestidos gastrorresistentes é indicado particularmente aos pacientes que não podem tomar comprimidos simples devido à intolerância gastrintestinal."
Targocid;Quais são os possíveis efeitos colaterais associados a Targocid?;Informe seu médico se você tem problemas de rim ou se é alérgico a vancomicina.
Sabril 500 mg;Qual é a finalidade do medicamento Sabril 500 mg?;Sabril 500 mg é indicado no tratamento de epilepsias e no tratamento de espasmos infantis ou Síndrome de West, em adultos e crianças.
Altargo;Quais são as contraindicações para Altargo?;Altargo está contraindicado para pacientes com alergia à Retapamulina ou a algum dos componentes da fórmula.
Coenzima Q10;O que Coenzima Q10 pretende tratar?;Coenzima Q10 é indicada para tratar deficiências em Coenzima Q10 ou ubidecarenona, que podem ser causadas por diferentes doenças no coração, nos pulmões ou na boca, por doenças neuromusculares ou por deficiências no sistema imune, em adultos.
Albocresil;Qual é a posologia recomendada para Albocresil?;As várias formas do Albocresil possibilitam o uso diversificado. Em casos apropriados, recomenda-se o tratamento combinado.Albocresil Solução Concentrada
Psorex;Como Psorex atua no organismo para produzir seus efeitos?;Psorex contém na sua fórmula propionato de clobetasol, um corticoide que atua na redução dos sintomas de inflamação da pele como coceira, sensação de queimação ou dor.
Stalevo comprimidos;Existem situações em que o uso de Stalevo comprimidos não é recomendado?;Este medicamento não deve ser usado em casos de hipersensibilidade aos componentes ativos e outros ingredientes da formulação, em casos de insuficiência hepática, glaucoma de ângulo estreito, feocromocitoma, uma vez que isso pode aumentar o risco de reações graves de hipersensibilidade e em pessoas que estejam tomando certos tipos de antidepressivos.
Piroxiflam;O que Piroxiflam pretende tratar?;Osteoartrose, artrite reumatóide, espondilite anquilosante, dor pós-operatória e pós-traumática, entorses, contusões, distensões musculares, luxações, tenossinovite, bursite, fibrosite, crise aguda de gota, dismenorréia. Antiinflamatório não hormonal com favorável perfil de eficácia e segurança e que permite o tratamento com uma única dose diária.
Daraprim;Qual é a finalidade do medicamento Daraprim?;Daraprim é indicado na prevenção e tratamento da malária e no tratamento da toxoplasmose congênita ou adquirida, em adultos e crianças.
Superan;Quais são as orientações específicas para utilizar Superan?;A posologia deve ser ajustada pelo médico em função da necessidade e da resposta do paciente ao produto.As doses diárias médias (que podem ser subdivididas em 3 a 4 tomadas segundo critério médico) são:Adultos - Comprimidos e solução injetável: 100 a 200 mg ( 2 a 4 comprimidos ou ampolas im ou iv) ao dia. Dose média: 3 comprimidos ou 3 ampolas ao dia.Crianças - Comprimidos (para crianças maiores de 6 anos): 25 mg (1/2 comprimido) 3 vezes ao dia. Solução injetével: nos casos agudos, começar com 25 mg (1/2 ampola) im ou iv lenta, prosseguindo com a forma gotas assim que possível. Gotas pediatricas: 2 a 6 mg (4 a 12 gotas) por kg de peso ao dia, subdivididas em 3 tomadas. Dose média: 5 mg (10 gotas) por kg de peso ao dia, subdivididas em 3 tomadas.
Clopixol depot;Quais são os processos biológicos desencadeados por Clopixol depot?;O Clopixol depot pertence a um grupo de medicamentos conhecidos como antipsicóticos, que atuam em áreas específicas do cérebro e ajudam a corrigir determinados desequilíbrios químicos que causam os sintomas da doença.
Cataflam comprimido;Quando não devo usar Cataflam comprimido?;O Ctaflam não deve ser usado por pessoas:
Piemonte;Como funciona Piemonte?;O Piemonte tem na sua composição montelucaste de sódio, que é um antagonista do receptor de leucotrienos, bloqueando a sua ação.
Valerato de Betametasona;Existem situações em que o uso de Valerato de Betametasona não é recomendado?;Este medicamento é contra-indicado para pacientes que apresentam alergia ao valerato de betametasona ou a qualquer outro componente da fórmula.
Ultraproct pomada;Qual é a posologia recomendada para Ultraproct pomada?;A pomada Ultraproct deve ser aplicada 2 a 4 vezes por dia, dependendo da necessidade e apenas após defecar e após limpar a região anal. O tratamento com Ultraproct deve ser continuado até pelo menos uma semana após os sintomas terem desaparecido e a pomada deve ser sempre aplicada em quantidade suficiente para cobrir toda a região afetada.
Alektos;Qual é o mecanismo de ação de Alektos?;Alektos é um medicamento que tem na sua composição bilastina, um anti-histamínico de segunda geração, altamente seletivo e que apresenta atividade anti-inflamatória.
Neolefrin Baby;Em que situações médicas é recomendado o uso de Neolefrin Baby?;Neolefrin Baby gotas ou Neolefrin Infantil é indicado para o tratamento da congestão nasal, coriza, dor e febre em bebês e crianças.
Uno ciclo;Quais são os riscos para a saúde relacionados ao uso de Uno ciclo?;É possível que algumas mulheres notem mudanças no ciclo menstrual típico (ciclos menores, hemorragia intermenstrual, sangramento irregular), dismenorréia, amenorréia transitória, prurido vulvar, tenso mamária, dores de estômago, náuseas, vômitos,cefaléias, retenção hidrossalina, mudanças subclÌnicas e transitórias detectadas nos testes de excreção do fígado, alterações emocionais e da libido, alterações do peso corpóreo e fenômenos de fotossensibilização (cloasma). Tontura, nervosismo, depressão, fogacho, acne, hipersensibilidade (prurido, tosse) e distúrbios visuais e auditivos so prováveis, uma vez que eles podem ocorrer com qualquer hormônio sexual, mas raramente foram relatados com Uno-Ciclo . Geralmente podem ocorrer no tratamento com contraceptivos hormonais outras reaçõs adversas tais como tromboflebite, trombose arterial ou venosa, eventostromboembólicos, derrame cerebral, cefaléias intensas (enxaqueca), hipertensão e neurorretinite o que poderia levar suspensão do tratamento, embora não tenham sido associadas ao uso de Uno-Ciclo. .
Vidaza;Quando não devo usar Vidaza?;Vidaza está contraindicado para mulheres grávidas ou que estejam amamentando, crianças e adolescentes com menos de 18 anos de idade, pacientes com câncer avançado do fígado e para pacientes com alergia a algum dos componentes da fórmula.
Proctyl supositórios;Como Proctyl supositórios atua no organismo para produzir seus efeitos?;O Proctyl é eficaz no tratamento das afecções no ânus e no reto, removendo o tecido lesado e mantendo intacto o tecido são, estimulando sua regeneração, prevenindo ou combatendo infecções locais e cessando o sangramento.
Forfig;Qual é a finalidade do medicamento Forfig?;O Forfig é indicado para auxiliar no tratamento das doenças do fígado.
Panoxyl gel;Em que circunstâncias eu não deveria utilizar Panoxyl gel?;O Panoxyl gel não deve ser usado por pessoas hipersensíveis ao peróxido de benzoíla ou a qualquer componente da fórmula.
Tetralysal cápsulas de 150 e 300 mg;Qual é a posologia recomendada para Tetralysal cápsulas de 150 e 300 mg?;Geralmente, a dose recomendada é de 300 mg por dia ou 150 mg pela manhã e 150 mg à noite, durante 12 semanas.
Elaprase;Em que circunstâncias eu não deveria utilizar Elaprase?;O Elaprase não deve ser usado em pessoas alérgicas a qualquer componente do medicamento.
Pharmaton Kiddi;Qual é a posologia recomendada para Pharmaton Kiddi?;A dose recomendada em crianças de 1 a 5 anos é de 7,5 ml por dia.
Lucentis;Quais os males que Lucentis pode me causar?;Assim como qualquer medicamento, Lucentis pode causar reações adversas, embora nem todas as pessoas as apresentem.ALGUNS EVENTOS ADVERSOS PODEM SER GRAVES E NECESSITAM DE ATENÇÃO MÉDICA IMEDIATA• Sinais de inflamação e/ou infecção no olho como vermelhidão , dor , sensibilidade à luz e/ou alterações na visão.• Ver flashes de luz com moscas volantes (vendo teias de aranha), progredindo para uma perda de visão ou visão borrada.• Sinais de derrame, como fraqueza ou paralisia dos membros ou face, dificuldade em falar ou entender. Se você apresentar qualquer um destes sinais, procure o prontosocorro pois cuidados médicos serão necessários imediatamente. Se você apresentar algum destes sintomas, informe o seu médico imediatamenteOS SEGUINTES EVENTOS ADVERSOS NO OLHO SÃO MUITO COMUNSEstes eventos adversos podem afetar mais de 1 em 10 pacientes. Inflamação do olho, sangramento do olho, distúrbio visual, dor no olho, pequenas partículasou manchas na sua visão (moscas volantes), mancha de sangue no olho, irritação do olho, sensação de ter cisco no olho, aumento da produção de lágrimas, inflamação ou infecção nas margens da pálpebra, olho seco, vermelhidão ou coceira do olho. Foi também observado, de forma muito comum, o aumento da pressão dentro do olho. Se algum destes eventos te afetar gravemente, informe o seu médico.OS SEGUINTES EVENTOS ADVERSOS NO OLHO SÃO COMUNS:Estes eventos adversos podem afetar entre 1 e 10 em cada 100 pacientes. Visão de flashes de luz com moscas volantes e sombras progredindo para uma perda de visão, diminuição da nitidez da visão, inchaço de uma parte do olho (úvea, córnea), catarata, arranhões na córnea (parte da frente do olho), sangramento no olho ou no local da injeção, secreção do olho com coceira, vermelhidão e inchaço (conjuntivite), sensibilidade à luz, desconforto do olho, inchaço da pálpebra e dor na pálpebra, visão borrada, inflamação da córnea. Se algum destes eventos te afetar gravemente, informe o seu médico.OS SEGUINTES EVENTOS ADVERSOS NO OLHO SÃO INCOMUNS:Estes eventos adversos podem afetar entre 1 e 10 em cada 1000 pacientes. Cegueira, bolsa de pus no olho, dor ou irritação no local de injeção, sensação estranha no olho, irritação da pálpebra, acúmulo de sangue na parte da frente do olho, infecção ou inflamação no interior do olho. Se algum destes eventos te afetar gravemente, informe o seu médico.OUTROS EVENTOS ADVERSOS NÃO VISUAIS:Inflamação da garganta, congestão nasal, corrimento nasal, dor de cabeça e dor na articulação são muito comuns. Acidente vascular cerebral, gripe, infecção do trato urinário (bexiga), baixo nível de glóbulos vermelhos (você pode apresentar cansaço, falta de ar, tonturas, pele pálida), ansiedade, tosse, náusea, reações alérgicas (rash, prurido, coceira, vermelhidão da pele) são comuns. Se algum destes eventos te afetar gravemente, informe o seu médico Se você notar algum evento adverso não listado nesta bula, informe seu médico ou farmacêutico.
Nasacort;Para que serve Nasacort?;Nasacort é indicado para o tratamento da inflamação na mucosa nasal que ocorre na mesma época do ano e que persiste ao longo do ano.
Berotec;O que Berotec pretende tratar?;Indicado para tratar a sensação de falta de ar na asma e outras doenças respiratórias, como bronquite crônica.
Reumotec;Qual é a finalidade do medicamento Reumotec?;"TENOXICAM está indicado para o tratamento inicial das seguintes doenças inflamatórias e degenerativas, dolorosas do sistema músculo-esquelético:artrite reumatóide;osteoartrite;artrose;espondilite anquilosante;afecções extra-articulares, como por exemplo, tendinite, bursite, periartrite dos ombros (síndrome ombro-mão) ou dos quadris, distensões ligamentares e entorses;gota aguda;dor pós-operatória."
Tensart;Como Tensart atua no organismo para produzir seus efeitos?;Tensart tem em sua composição Extrato de Passiflora Incarnata, um composto que atua no sistema nervoso central produzindo efeito sedativo e prolongando o período de sono.
Oftane colírio;Existem situações em que o uso de Oftane colírio não é recomendado?;Este colírio não deve ser usado por pessoas que tenham alergia a qualquer um dos componentes da fórmula.
Vytorin;Quais são os riscos para a saúde relacionados ao uso de Vytorin?;"ATENÇÃO: Este é um medicamento novo e, embora as pesquisas tenham indicado eficácia e segurança aceitáveis para comercialização, efeitos indesejáveis e não conhecidos podem ocorrer. Nestes casos, informe a seu médico.   A segurança da co-administração de ezetimiba e sinvastatina equivalente a Vytorin™  (10/10, 10/20, 10/40 e 10/80) foi avaliada em mais de 3.200 pacientes em estudos clínicos. Vytorin™ foi geralmente bem tolerado.  As seguintes experiências adversas comuns (≥ 1/100, < 1/10) relacionadas ao medicamento foram relatadas por pacientes que tomaram Vytorin™ (n= 627) em dois estudos de desenhos semelhantes e controlados com placebo:  Distúrbios gerais: astenia.   Distúrbios músculo-esqueléticos, dos tecidos conjuntivo e ósseo: artralgia, mialgia.  Distúrbios do sistema nervoso: tontura, cefaléia.  Outros eventos adversos comumente relatados com ezetimiba: a) durante estudos clínicos:  distúrbios gastrintestinais:  dor abdominal, diarréia;  distúrbios gerais: fadiga, doença semelhante à gripe; distúrbios músculo-esqueléticos, dos tecidos conjuntivo e ósseo: cãibra muscular;  b) raramente (≥ 1/10.000, < 1/1000) após a comercialização: distúrbios da pele e do tecido subcutâneo: reações de hipersensibilidade, incluindo angioedema e erupções cutâneas. Outros eventos adversos raramente relatados com sinvastatina durante estudos clínicos e/ou após a comercialização: distúrbios hematológicos e do sistema linfático: anemia;  distúrbios gastrintestinais:  dor abdominal, constipação, diarréia, dispepsia, flatulência, náuseas, vômitos, pancreatite;  distúrbios hepáticos:  hepatite/icterícia;  distúrbios músculo-esqueléticos, dos tecidos conjuntivo e ósseo:  cãibra muscular, miopatia, rabdomiólise (veja  ADVERTÊNCIAS); distúrbios do sistema nervoso:  parestesia, neuropatia periférica;  distúrbios da pele e do  tecido subcutâneo: alopecia, prurido, erupções cutâneas.  Raramente foi relatada uma síndrome de hipersensibilidade evidente, com algumas das seguintes características: angioedema, síndrome semelhante ao lúpus, polimialgia reumática, dermatomiosite, vasculite, trombocitopenia, eosinofilia, VHS aumentada, artrite e artralgia, urticária, fotossensibilidade, febre, rubor facial e do pescoço, dispnéia e mal-estar."
Prevenar 13;Quais são as instruções para o uso correto de Prevenar 13?;Prevenar 13 é um medicamento para uso intramuscular, que apenas deve ser administrado segundo orientação médica, num hospital ou numa clínica, por um médico ou enfermeiro. Geralmente, a dose recomendada de Prevenar 13 é de 0,5 mL de vacina, administrada no músculo do braço ou da perna.
Dermacerium creme;Como Dermacerium creme atua no organismo para produzir seus efeitos?;Este remédio trata lesões infectadas, por apresentar ação antimicrobiana, além de agir como cicatrizante.
Benlysta 120mg e 400 mg;Quais são os princípios do funcionamento de Benlysta 120mg e 400 mg?;Benlysta contém na sua fórmula belimumabe, uma substância que destrói os linfócitos que produzem os anticorpos que atacam as células do corpo e causam lúpus.
Albocresil;Como funciona Albocresil?;Albocresil age regenerando o tecido lesado, promovendo a cicatrização através do aumento da circulação do sangue na área tratada.
Decitabina;Em que circunstâncias eu não deveria utilizar Decitabina?;Decitabina está contraindicado para crianças e adolescentes com menos de 18 anos de idade, mulheres que estejam amamentando e para pacientes com alergia à Decitabina ou a algum dos componentes da fórmula.
Exodus;Em que circunstâncias eu não deveria utilizar Exodus?;O Exodus não deve ser usado em pessoas que sejam alérgicas a qualquer um dos componentes contidos no medicamento, grávidas, lactantes ou menores de 18 anos.
Funchicórea;O que Funchicórea pretende tratar?;A Funchicórea é usada para o alívio das cólicas e prisão de ventre.
Entresto;Como Entresto atua no organismo para produzir seus efeitos?;Entresto é um medicamento que tem na sua composição um inibidor da Neprilisina o Sacubitril e um bloqueador do receptor da angiotensina, o valsartan.
Tylenol Sinus;Qual é a finalidade do medicamento Tylenol Sinus?;O Tylenol Sinus é indicado em adultos para o alívio temporário dos sintomas decorrentes de gripes e resfriados comuns, como congestão e obstrução nasal, coriza, mal estar, dores pelo corpo, dor de cabeça e redução da febre.
Rekovelle;Como usar Rekovelle?;A dose inicial de Rekovelle depende do peso corporal da mulher e do nível do hormônio anti-Mülleriano  no sangue, que indica o nível de resposta dos ovários à estimulação.
Amytril 25 mg;Quais são os riscos para a saúde relacionados ao uso de Amytril 25 mg?;Alguns dos efeitos colaterais mais comuns de Amytril incluem sonolência, dificuldade de concentração, visão embaçada, pupilas aumentadas, boca seca, alteração do paladar, enjoo, prisão de ventre, aumento de peso, cansaço extremo, desorientação, descoordenação muscular, aumento da transpiração, tontura, pressão baixa, dor de cabeça, palpitação, pulso rápido, alteração da libido e impotência sexual.
Dermazine creme;Qual é a posologia recomendada para Dermazine creme?;Após a limpeza da lesão, aplicar uma camada de Dermazine creme e fazer um curativo com gaze. Caso a lesão seja muito úmida, deve-se reaplicar o creme uma segunda vez ao dia, podendo o excesso ser retirado com uma compressa de gaze ou algodão.
Citoneurin;Em que situações médicas é recomendado o uso de Citoneurin?;Citoneurin é indicado para o tratamento da dor e da inflamação dos nervos, em adultos e crianças.
Osteotrat;Qual é o propósito principal de Osteotrat na área da saúde?;O Osteotrat é um medicamento indicado para o tratamento e prevenção da osteoporose em mulheres no período pós-menopausa,  para reduzir o risco de fraturas vertebrais e não-vertebrais.
Tivicay;Para que serve Tivicay?;Tivicay é indicado para o tratamento da Aids, em adultos e adolescentes com mais de 12 anos de idade.
Koide D;Qual é o mecanismo de ação de Koide D?;O Kóide D é um medicamento que tem na sua composição Betametasona e Maleato de Dexclorfeniramina, compostos com propriedades anti-histamínicas, que auxiliam no tratamento de problemas respiratórios, problemas de alergia na pele e inflamações nos olhos causadas por alergias.
Mobility;Quais são os princípios do funcionamento de Mobility?;O Mobility tem na sua composição colágeno hidrolisado em pó. O colágeno é uma proteína vital na matriz estrutural da maioria dos tecidos e órgãos do corpo humano.
Naproxeno;Há alguma condição específica em que o uso de Naproxeno é desaconselhado?;O Naproxeno é contraindicado em pacientes que apresentam hipersensibilidade ao Naproxeno, úlcera péptica gástrica ou duodenal ativa e sangramento gastrintestinal ativo.
Prolopa;Quais são os potenciais efeitos indesejados de Prolopa?;Os efeitos colaterais mais comuns são movimentos involuntários, episódios psicóticos, dor no peito, obstipação, perda de peso e falta de ar.
Neodex creme;Quais são os princípios do funcionamento de Neodex creme?;Neodex creme é um medicamento que tem na sua composição dexametasona, um glicocorticoide com forte ação anti-inflamatória, imunossupressora, antialérgica e anti-pruriginosa, que atua inibindo a inflamação através de vários mecanismos.
Tegrex;Quais são os possíveis efeitos colaterais associados a Tegrex?;"- Mais comuns são vertigem, cefaléia, diplopia, sonolência, tontura, obnubilação, ataxia, náusea, reações alérgicas na pele, urticária  e vômito; estes efeitos geralmente retrocedem espontaneamente dentro de uma semana ou após redução da dose.- Menos comuns são reações cardiovasculares, dermatológicas, gastrintestinais, geniturinários, hematopoiéticas, hepáticas, metabólitas, neurológicas e outras.- Retenção  de líquidos.- Discrasias sangüíneas, às vezes fatais .- Depressão da medula óssea."
Bontoss xarope;Como funciona Bontoss xarope?;O Bontoss xarope contém bromexina que atua reduzindo a viscosidade do muco e ativando o epitélio ciliar, facilitando assim o transporte e a eliminação do muco.
Lipidil;Há alguma condição específica em que o uso de Lipidil é desaconselhado?;"Nunca deve ser usado em: insuficiência hepática e renal graves; crianças; associação com inibidores da HMG Co-redutase ou outros fibratos, a não ser quando sob prescrição médica."
Muvinor;Qual é a finalidade do medicamento Muvinor?;Muvinor é um medicamento desenvolvido para o tratamento da constipação ou diarréia,associadas às condições como constipação crônica, diverticulose e síndrome do intestino irritável.
Essure;Quais os males que Essure pode me causar?;Os efeitos colaterais mais comuns são a deslocação do implante do local onde é colocado, cólicas, sangramento vaginal, dor no pé da barriga e nas costas durante alguns dias após a colocação.
Foradil 12 mcg;Como funciona Foradil 12 mcg?;O Foradil contém uma substância ativa chamada fumarato de formoterol di-hidratado. Ele pertence a um grupo de medicamentos chamado broncodilatadores ou beta-agonistas de longa duração.
Pradaxa;Quais os males que Pradaxa pode me causar?;Alguns dos efeitos colaterais de Pradaxa podem incluir anemia, hemorragias ou sangramentos no nariz, estômago ou intestinos, urinário ou dos genitais, na pele ou no cérebro, dor abdominal, diarreia, má digestão, náusea, alterações nos resultados de exames ao sangue, coceira, vermelhidão ou urticária na pele, hematoma, catarro com sangue, dificuldade para engolir, úlcera no intestino, estômago ou esôfago, refluxo gástrico, vômito ou alteração da função do fígado.
Vectarion 50 mg;Como usar Vectarion 50 mg?;A dose recomendada deste remédio é de 50 a 100 mg, dividido em duas doses ao dia, juntamente com as refeições principais. Este comprimido não deve ser partido, aberto ou mastigado.
Micronor anticoncepcional;Quais são os potenciais efeitos indesejados de Micronor anticoncepcional?;Embora seja raro, podem ocorrer efeitos colaterais como dor de cabeça, tontura, náusea, vômito, metrorragia, cólica menstrual, sensibilidade nas mamas, cansaço e aumento de peso.
Sedilax;Qual é o propósito principal de Sedilax na área da saúde?;O Sedilax é indicado para o tratamento de reumatismo nas suas formas agudas e crônicas, crises agudas de gota, estados inflamatórios agudos, pós-traumáticos e pós-cirúrgicos.
Coversyl plus;Para que serve Coversyl plus?;O Coversyl Plus é indicado no tratamento da hipertensão arterial essencial.
Zovirax pomada;O que Zovirax pomada pretende tratar?;"Tratamento de infecções pelo vírus Herpes simplex em neonatos, crianças e adultos;tratamento de infecções pelo vírus Varicella zoster; tratamento da meningoencefalite herpética; profilaxia de infecções por Herpes simplex em pacientes imunocomprometidos;profilaxia de infecções pelo vírus citomegalovírus (CMV) em pacientes que receberam transplante de medula óssea. Demonstrou-se que elevadas doses de  Zovirax  IV reduzem a incidência e retardam o início  da infecção pelo CMV. Quando elevadas doses de Zovirax IV são administradas após 6 meses de tratamento com elevadas doses de Zovirax oral, a mortalidade e a incidência de viremia também são reduzidas."
Doriflan;Qual é a finalidade do medicamento Doriflan?;"Tratamento a curto prazo das seguintes condições agudas: estados dolorosos e inflamatórios pós-traumáticos como os devidos a entorses, por exemplo; dor e inflamação no pós-operatório, por exemplo, após cirurgias ortopédicas ou odontológicas; condições dolorosas e (ou) inflamatórias em ginecologia, exemplo: dismenorréia primária ou anexites; síndromes dolorosas da coluna vertebral; reumatismo não articular; como adjuvante no tratamento de processos infecciosos severos, acompanhados de dor e inflamação do ouvido, nariz ou garganta, como por exemplo, nas faringoamigdalites e otites. Respeitados os princípios terapêuticos gerais de que a doença de base deve ser adequadamente tratada."
Clusivol;Quais são os possíveis efeitos colaterais associados a Clusivol?;Este medicamento poderá causar dor de estomâgo e de barriga, prisão de ventre, diarreia, enjôos, cólicas abdominais, fezes escuras e moles, que normalmente passam com o continuar do tratamento.
Dermotivin Control;Como Dermotivin Control atua no organismo para produzir seus efeitos?;O sabonete em barra, líquido e em espuma limpam a pele, controlando a oleosidade e o excesso de brilho, exercendo desta forma um efeito matificante.
Mobility;Existem reações adversas conhecidas de Mobility?;Este suplemento alimentar é geralmente bem tolerado, não tendo sido relatados efeitos colaterais.
Dobtan;Qual é a posologia recomendada para Dobtan?;"Devido a sua meia-vida curta, o Cloridrato de Dobutamina deve ser administrado em infusão intravenosa contínua. Após o início de uma infusão com velocidade constante ou após a mudança de velocidade, uma concentração plasmática estável de dobutamina é atingida após aproximadamente, 10 minutos. Assim, não são necessárias e recomendadas doses de ataque ou dose única elevada.Doses recomendadas: A velocidade  de infusão necessária para manter o débito cardíaco variou de 2,5 a 10mcg/Kg/min, na maioria dos pacientes. Frequentemente, doses de 10 a 20mcg/Kg/min são necessárias para uma melhora hemodinâmica adequada. Em raras ocasiões, velocidades de infusão de até 40mcg/Kg/min foi relatada. A velocidade de administração e a duração da terapia devem ser ajustadas de acordo com a resposta do paciente como determinada pelos seguintes sinais clínicos: parâmetros hemodinâmicos tais como frequência cardíaca e ritmo, pressão arterial e, quando possível, débito cardíaco e medida da pressão de enchimento ventricular (venosa central, capilar pulmonar e atrial esquerdo) e sinais de congestão pulmonar e perfusão (fluxo urinário, temperatura externa e estado mental). Concentrações de até 5.000mcg/ml foram administradas a pacientes humanos (250mg/50ml). O volume final administrado deverá ser determinado pela necessidade de líquidos requerida pelo paciente. Ao invés de interromper a terapia com Cloridrato de Dobutamina de maneira abrupta, é aconselhável diminuir a dose gradualmente.Unidade de doseA maioria dos relatórios  sobre o Cloridrato de Dobutamina expressa a dose em relação a massa corporal (por ex. mcg/Kg/min), essa prática é útil para relacionar as doses para lactentes, crianças e adultos. Entre os adultos, a massa corporal tem mínima influência no efeito do Cloridrato de Dobutamina uma vez que a dose deve ser facilmente calculada em mcg/min. A dose de Cloridrato de Dobutamina pode ser iniciada com 100 a 200mcg/min. e aumentada gradualmente até 1.000 a 2.000mcg/min ou mais, dependendo da resposta clínica hemodinâmica de cada paciente.Reconstituição e soluções compatíveisO Cloridrato de Dobutamina deve ser diluído no momento da administração a pelo menos 50ml em frasco contendo uma das seguintes soluções:glicose 5%; glicose 5% e cloreto de sódio 0,45%; glicose 5% e cloreto de sódio 0,9%; glicose 10%; Ringer lactato; glicose 10% e lactato de Ringer; glicose 5% e lactato de Ringer; Cloreto de sódio 0,9%; lactato de sódio.Essas soluções devem ser utilizadas dentro de 24 horas. Não adicionar o Cloridrato de Dobutamina à solução de bicarbonato de sódio a 5% ou a qualquer outra solução fortemente alcalina. Devido ao potencial de incompatibilidade física é recomendado que o Cloridrato de Dobutamina não seja misturado com outras drogas na mesma solução. O Cloridrato de Dobutamina não deve ser usado em conjunto com outros agentes ou diluentes contendo bissulfito de sódio e etanol.As velocidades de infusão dependem da concentração de Cloridrato de Dobutamina na solução a ser infundida. A seguinte tabela dá uma orientação de velocidade de infusão (ml/Kg/min), requerida por 3 diferentes concentrações de Cloridrato de Dobutamina frequentemente usadas (250, 500 e 1.000mcg/ml), a fim de se administrar as doses (mcg/Kg/min) são indicadas na primeira coluna da tabela:Dose necessária    Velocidades de administração (ml/kg/min)(mcg/kg/min)    de várias concentrações de dobutamina.250mcg/ml(*)    500mcg/ml(**)    1000mcg/ml(***)0,5    0,002    0,001    0,0051,0    0,004    0,002    0,00102,0    0,008    0,004    0,00202,5    0,010    0,005    0,00255,0    0,020    0,010    0,00507,5    0,030    0,015    0,007510,0    0,040    0,020    0,010012,5    0,050    0,025    0,012515,0    0,060    0,030    0,0150Uma ampola (250mg) acrescentada a um litro de diluente.** Duas ampolas (500mg) acrescentadas a um litro de diluente ou uma ampola (250mg) acrescentada em 500ml de diluente.***Quatro ampolas (1000mg) acrescentadas em um litro de diluente ou uma ampola (250mg) acrescentadas em 250ml de diluente."
Zotac;Quando não devo usar Zotac?;Zotac é contra-indicado para casos de úlcera gástrica ou intestinal, alergia ao diclofenaco ou a qualquer outro componente da formulação.
Oscillococcinum;Quais são os riscos para a saúde relacionados ao uso de Oscillococcinum?;A bula do medicamento não refere efeitos colaterais.
Femostoni;Como usar Femostoni?;Como usar Femoston Conti pela primeira vez:
Ultraproct pomada;Qual é a finalidade do medicamento Ultraproct pomada?;Ultraproct é indicado para o tratamento de problemas localizados na região anal, como fissuras anais, hemorróidas, eczema anal e proctite, em adultos.
Pyloripac Retrat;Qual é o propósito principal de Pyloripac Retrat na área da saúde?;Este medicamento é indicado para o retratamento da eliminação da bactéria Helicobacter pylori associada a úlceras gástricas ou duodenais ativas ou cicatrizadas.
Zina;Quais os males que Zina pode me causar?;As reações mais frequentemente descritas são secura da boca, dor de cabeça, cansaço e sonolência.
Snif 3%;Quando não devo usar Snif 3%?;Este spray nasal é contraindicado em pacientes com história de hipersensibilidade ao cloreto de sódio ou qualquer um dos componentes do produto.
Histadin;Quais são as instruções para o uso correto de Histadin?;Adultos e crianças acima de 12 anos ou com peso corporal acima de 30 kg: 1 comprimido de Histadin (10 mg) uma vez por dia.
Levordiol;Quais são os potenciais efeitos indesejados de Levordiol?;Entre os efeitos colaterais possíveis de associações progestógeno-estrogênicas podem ser citados dor de cabeça, náuseas, vômitos, discretas alterações de peso corpóreo, tensão nos seios, modificações do fluxo menstrual, alterações da libido, humor deprimido, manchas na pele, sangramentos intermenstruais.
Nasonex spray;Quais são os possíveis efeitos colaterais associados a Nasonex spray?;O uso deste remédio pode provocar alguns efeitos secundários como dor de cabeça, sangramento, queimação ou irritação no nariz e dor de garganta.
Mirtax;Em que circunstâncias eu não deveria utilizar Mirtax?;Você não deve utilizar Mirtax nos seguintes casos:
Sporostatin 500 mg;Quando não devo usar Sporostatin 500 mg?;O Sporostatin não é indicado para infecções leves que respondem a agentes tópicos isoladamente e é contra-indicado para pessoas com porfiria, insuficiência hepato-celular ou com histórico de hipersensibilidade ao produto.
Dimorf;Para que serve Dimorf?;O Dimorf está indicado para o alivio de dor intensa aguda e crônica.
Diprospan;Quais são os possíveis efeitos colaterais associados a Diprospan?;As reações adversas mais comuns são insônia, dificuldade em engolir, aumento do apetite, aumento da incidência de infeções, osteoporosa e sangramento gastrointestinal.
Norepinefrina;Quais são os riscos para a saúde relacionados ao uso de Norepinefrina?;Os efeitos adversos mais comuns que podem ocorrer com o uso deste medicamento são lesões que fazem parar ou diminuir a circulação do sangue que irriga o órgão, deficiência de oxigênio no sangue, células ou tecidos, diminuição do ritmo cardíaco, ansiedade, dor de cabeça, dificuldade em respirar e morte tecidual por extravasamento no local da injecção.
Lyxumia;Existem situações em que o uso de Lyxumia não é recomendado?;Lyxumia está contraindicado para pacientes com alergia ao Lixisenatide ou a outros componentes da fórmula.
Terra;Quais são os processos biológicos desencadeados por Terra?;Terra-Cortril pomada possui ação anti-infecciosa e anti-inflamatória.
Esperson N;Como usar Esperson N?;O Esperson N pomada deve-se aplicar 1 a 2 vezes ao dia e em casos mais graves, a critério médico, 3 vezes ao dia. Aplicar pequena quantidade e espalhar pela pele.
Arpadol;Quais são os riscos para a saúde relacionados ao uso de Arpadol?;Riscos a saúde e efeitos colaterais nas doses terapêuticas não têm sido relatados com freqüência.Efeitos adversos como diarréia, dores abdominais, vômito, flatulência, perda do paladar, dor de cabeça frontal, dispepsia e zumbidos foram relatados em poucos casos.Um estudo demonstrou que o efeito adverso mais comum foi a diarréia, que diminui espontaneamente após o 2-3º dia de tratamento.
Paco;Como funciona Paco?;Paco é um medicamento que combina codeína e paracetamol, dois analgésicos que proporcionam o alivio de dores intensas.
Cedur;O que Cedur pretende tratar?;Cedur ou Cedur​ Retard é indicado para hiperlipidemias primárias e secundárias, no tratamento do colesterol e triglicerídeos elevados, em adultos.
Nimbium;Quais são as instruções para o uso correto de Nimbium?;Nimbium é um medicamento para uso hospitalar, que apenas deve ser administrado por um médico ou anestesista.
Alivium;Como usar Alivium?;Alivium gotas 100 mg
Pentasa 500;Quais são os potenciais efeitos indesejados de Pentasa 500?;As reações adversas mais comuns que podem ocorrer com o uso deste medicamento são dor de cabeça, diarreia, dores abdominais, náusea, vômitos e lesões na pele.
Thioctacid 600 HR;Há alguma condição específica em que o uso de Thioctacid 600 HR é desaconselhado?;O Thioctacid 600 HR é contraindicado em pessoas com hipersenbilidade conhecida ao ácido tióctico ou a qualquer dos componentes da fórmula.
Signifor;Existem reações adversas conhecidas de Signifor?;Os efeitos colaterais mais comuns são diarréia, náusea e aumento da glicose no sangue.
Quadriderm;Qual é a finalidade do medicamento Quadriderm?;Quadriderm creme ou pomada é indicado para o alívio das manifestações inflamatórias das dermatoses (doenças da pele) responsivas aos corticosteróides, quando complicadas por infecção secundária causada por microorganismos sensíveis aos componentes de sua formulação ou quando há suspeita da possibilidade de tal infecção.
Hemovirtus;Há alguma condição específica em que o uso de Hemovirtus é desaconselhado?;Hemovirtus está contraindicado para pacientes com glaucoma, perda dos movimentos do intestino, estenose pilórica, aumento da próstata, problemas cardíacos, pacientes com Doença de Chagas e para pacientes com alergia a alcaloides, a barbitúricos ou a algum dos componentes da fórmula.
Pontin 500 mg;Qual é o propósito principal de Pontin 500 mg na área da saúde?;Pontin 500 mg é indicado para o alívio dos sintomas da artrite reumatóide, osteoartrite e para o alívio da dor muscular, traumática, dentária, de cabeça e pós-operatória e pós-parto. Além disso, Pontin 500 mg é também indicado no tratamento da dismenorréia primária, menorragia por causas disfuncionais ou por uso de DIU e síndrome pré-menstrual, em adultos.
Dermacerium creme;Em que situações médicas é recomendado o uso de Dermacerium creme?;O Dermacerium é um creme antimicrobiano, cicatrizante tópico, indicado para a prevenção e tratamento de infecções em queimaduras e feridas de difícil cicatrização, como úlceras crônicas de membros inferiores e pé diabético.
Proepa;Quais são as instruções para o uso correto de Proepa?;3 cápsulas de 1000 mg ou 6 de 500 mg/dia na 1ª indicação e 10 cápsulas de 1000 mg/dia na 2ª indicação.
Emet;Há alguma condição específica em que o uso de Emet é desaconselhado?;Você não deve tomar Emet (dimenidrinato + cloridrato de piridoxina) se tiver alergia ao dimenidrinato, à piridoxina ou aos outros componentes da fórmula. Pacientes com porfiria (distúrbio caracterizado por quantidades excessivas dos pigmentos porfirinas no sangue e na urina) não devem usar Emet (dimenidrinato + cloridrato de piridoxina). Em pessoas com doenças do fígado, pode haver necessidade de redução da dose do medicamento. Pacientes asmáticos, com glaucoma (aumento da pressão intraocular), enfisema pulmonar (alteração das estruturas dos pulmões), doença pulmonar crônica, dificuldades em respirar (dispnéia) e dificuldades para urinar (disúria) devem tomar esta medicação com cuidado, pois o dimenidrinato pode piorar os sintomas destas doenças. Pertencendo ao grupo dos anti-histamínicos, o medicamento pode ocasionar, tanto em adultos como em crianças, uma diminuição na atividade mental e, particularmente em crianças pequenas, pode causar excitação.
Adesivo Dorflex Icy Hot;Quais são as instruções para o uso correto de Adesivo Dorflex Icy Hot?;Dorflex Icy Hot deve ser aplicado sobre a região a tratar do seguinte modo:
Janumet comprimidos;Quando não devo usar Janumet comprimidos?;Não é recomendado na gravidez nem durante a amamentação e, por isso, o endocrinologista deve ser consultado para avaliar a utilização do medicamento durante estas fases. Não se deve usar o remédio com menos de 18 anos ou alergia a qualquer componente da fórmula.
Kava Kava;Em que circunstâncias eu não deveria utilizar Kava Kava?;Kava Kava está contraindicado para mulheres grávidas ou amamentando e crianças, pacientes com doença de Parkinson, psicose ou depressão e para pacientes com alergia ao Extrato seco de Piper methysticum G. Forst, Piperaceae ou a algum dos componentes da fórmula.
Pondera;Quais os males que Pondera pode me causar?;Náusea, sonolência, sudorese, tremor, astenia, boca seca, insônia e disfunção sexual (incluindo impotência e distúrbios de ejaculação), vertigem, vômito, diarréia, inquietação, alucinações e hipomania, erupção cutânea, hipotensão postural, movimentos distônicos da face, língua e olhos, boca seca, constipação e sonolência, agitação, tremor, sudorese e confusão foram relatados após descontinuação abrupta do tratamento.
Floriny;Quais os males que Floriny pode me causar?;Este medicamento é bem tolerado.  Reação rara (ocorre entre 0,01% e 0,1% dos pacientes que utilizam este medicamento): sonolência, dor de cabeça, dor de estômago, fadiga, diarréia, náusea, zumbido, coceira, vermelhidão na pele. Informe ao seu médico, cirurgião-dentista ou farmacêutico o aparecimento de reações indesejáveis pelo uso do medicamento. Informe também à empresa através do seu serviço de atendimento.
Keforal 500 mg;Quais são os processos biológicos desencadeados por Keforal 500 mg?;Este medicamento é um antibacteriano da classe das cefalosporinas.
Aristab;Como usar Aristab?;As doses recomendadas de Aristab devem apenas ser indicadas pelo médico, pois a dose recomendada depende do tipo de problema a tratar, da idade, sexo, raça e resposta individual de cada paciente ao tratamento.
Norepinefrina;Para que serve Norepinefrina?;O Hemitartarato de norepinefrina é usado no controle da pressão sanguínea em certos estados hipotensivos agudos, caracterizados por pressão arterial demasiado baixa, como em feocromocitomectomia, simpatectomia, poliomielite, infarto do miocárdio, septicemia, hipotensão causada por transfusão sanguínea e reações a medicamentos.
Xarelto;Quais são os riscos para a saúde relacionados ao uso de Xarelto?;Alguns dos efeitos colaterais de Xarelto podem incluir sangramento, anemia, fraqueza anormal, fadiga, palidez, tontura, dor de cabeça ou inchaço sem explicação, dificuldade de respiração, dor no peito.
Novalgina Infantil;Quando não devo usar Novalgina Infantil?;Novalgina Infantil está contraindicada para pessoas com doenças metabólicas como porfiria ou deficiência congênita da glicose-6-fosfato-desidrogenase, função da medula óssea insuficiente, doenças do sistema hematopoiético, historial de broncoespasmo ou de reações de alergia a analgésicos como salicilatos, paracetamol, diclofenaco, ibuprofeno, indometacina ou naproxeno, alergia à dipirona sódica, a outras pirazolonas como fenazona e propifenazona, a pirazolidinas como fenilbutazona e oxifembutazona ou a outros componentes da fórmula.
Budecort Aqua​;Quais são os princípios do funcionamento de Budecort Aqua​?;Budecort Aqua é um medicamento que tem na sua composição Budesonida, um glicocorticosteroide com grande efeito anti-inflamatório local. Assim, Budecort Aqua eduz e previne a inflamação e o inchaço da mucosa do nariz causados por alergias.
Zovirax pomada oftálmica;Há alguma condição específica em que o uso de Zovirax pomada oftálmica é desaconselhado?;Não deve ser utilizado durante a gravidez ou amamentação sem orientação do médico ou por pessoas com alergia a qualquer componente da fórmula.
Cloridrato de etilefrina;Há alguma condição específica em que o uso de Cloridrato de etilefrina é desaconselhado?;Cloridrato de etilefrina está contraindicado para mulheres nos 3 primeiros meses de gravidez ou amamentando, para pacientes com pressão instável que aumenta ao levantar-se, pressão alta, problemas no funcionamento da tiroide ou câncer que aumenta a pressão arterial, pacientes com aumento da pressão dentro do olho, aumento ou câncer na próstata com dificuldade para urinar, pacientes com doença cardíaca que provoca problemas circulatórios, estreitamento de artérias centrais ou de válvulas cardíacas e para pacientes com alergia à etilefrina ou a algum dos componentes da fórmula.
Curatec Hidrogel;Quais são os potenciais efeitos indesejados de Curatec Hidrogel?;A bula não refere efeitos colaterais causados por Curatec Hidrogel.
Celebra 100 e 200mg;De que maneira Celebra 100 e 200mg deve ser administrado?;A dose varia de acordo com o problema a tratar:
Mirtax;Qual é o propósito principal de Mirtax na área da saúde?;Mirtax é destinado ao tratamento de espasmos musculares associados com dor aguda e de etiologia musculoesquelética, como nas lombalgias, torcicolos, fibromialgia, periartrite escapulo umeral, cervicobraquialgias. Além disso, é indicado como coadjuvante de outras medidas para o alívio dos sintomas, tais como fisioterapia e repouso.
Dinill;O que Dinill pretende tratar?;O Dinill é um medicamento desinfetante, indicado para tratar a irritação nos olhos causada pelo pó, vento ou corpo estranho e na na sua limpeza após um banho de mar ou de piscina.
Aerius;Quais são os processos biológicos desencadeados por Aerius?;Aerius é um medicamento que tem na sua composição Desloratadina, um composto anti-histamínico que ajuda não só a controlar a reação alérgica, como também os seus sintomas.
Lacto Purga;Qual é o propósito principal de Lacto Purga na área da saúde?;Lacto Purga é indicado nos casos de constipação intestinal. No preparo para procedimentos diagnósticos, no pré e pós-operatório e em condições que exigem uma evacuação facilitada.
Sustagen;Em que situações médicas é recomendado o uso de Sustagen?;Sustagen é um suplemento de vitaminas e minerais, indicado para combater as carências nutricionais, em adultos.
Hioscina;Qual é a finalidade do medicamento Hioscina?;Hioscina é indicada para o tratamento da cólicas no estômago, no intestino, nos órgãos sexuais e urinários e espasmos das vias biliares, em adultos e crianças com mais de 6 anos de idade.
Cicladol;Qual é o mecanismo de ação de Cicladol?;Apresenta rápida ação analgésica, iniciando seu efeito dentro de 15 a 30 minutos e é bem tolerado pelos pacientes.
Dermacyd;Quando não devo usar Dermacyd?;Dermacyd está contraindicado para pacientes com alergia a algum dos componentes da formula.
Tensulan;Quais são os processos biológicos desencadeados por Tensulan?;Tensulan contém na sua fórmula as a as vitaminas A, B6 e E que atuar em conjunto no organismo, repondo os défices de vitaminas e minerais, ajudando na recuperação da energia.
Dermotivin Salix;Quais são as orientações específicas para utilizar Dermotivin Salix?;Estes produtos podem ser usados diariamente, de manhã e à noite.
Ofev;Quais são os potenciais efeitos indesejados de Ofev?;A administração de Ofev pode causar alguns efeitos colaterais bastante graves, nomeadamente: problemas no fígado, ataques de coração, enfartes, problemas de sangramento, perfurações do estômago ou da parede intestinal. Geralmente, os efeitos colaterais mais comuns e menos adversos de Ofev incluem: diarreia, dores no estômago, vômitos, redução do apetite, dores de cabeça e perda de peso.
Lacrifilm;Como funciona Lacrifilm?;Lacrifilm é um produto com composição muito semelhante à composição das lágrimas naturais e o seu princípio ativo, a Carmelose Sódica, tem a propriedade de se combinar com a lágrima natural, proporcionando assim um alivio imediato do ardor, irritação e secura dos olhos.
Naprosyn;Quais são os riscos para a saúde relacionados ao uso de Naprosyn?;Informe o seu médico caso tenha reações desagradáveis tais como: dor ou queimação no estômago, dor abdominal, vômitos, diarreia, falta de ar, broncoespasmo ou crise de asma, alergia na pele ou coceira, inchaço, dor de cabeça, tonturas, sonolência, bem como quaisquer outros sinais ou sintomas.
Neolefrin Baby;Quais são as contraindicações para Neolefrin Baby?;Neolefrin Baby gotas é contraindicado a crianças alérgicas ao Paracetamol ou a algum componente da fórmula e em bebês com menos de 6 meses, principalmente recém nascidos e prematuros. Durante o tratamento com Neolefrin Baby gotas é contraindicada a utilização simultânea de outros medicamentos contendo Paracetamol.
Citarabina;Quais os males que Citarabina pode me causar?;O principal efeito tóxico causado pela citarabina injetável é a supressão da medula óssea, com consequente redução de células de defesa no sangue e de coagulação do sangue e anemia.
Imiquimode;Quais são os riscos para a saúde relacionados ao uso de Imiquimode?;As reações adversas podem variar, dependendo da condição da pele e de seu tipo.
Persantin;Existem situações em que o uso de Persantin não é recomendado?;Este remédio não deve ser usado por pessoas alérgicas aos componentes da fórmula.
Suavicid;Quais são os riscos para a saúde relacionados ao uso de Suavicid?;Alguns dos efeitos colaterais que podem ocorrer durante o tratamento com Suavicid são vermelhidão leve a moderada, descamação, ardência grave ou inchaço da pele, ressecamento ou coceira, irritação grave ou continuada da pele, bolhas, formação de crostas, irritação dos olhos, nariz e boca, manchas escuras na pele, sensação de picada, aumento da sensibilidade da pele, erupções, acne, vermelhidão da pele, vesículas, linhas vermelhas finas ou vasos sanguíneos visíveis através da pele.
Daraprim;Quando não devo usar Daraprim?;Daraprim está contraindicado para pacientes com anemia megaloblástica secundária por deficiência de folato e para pacientes com alergia à Pirimetamina ou a outros componentes da fórmula.
Decitabina;Qual é o propósito principal de Decitabina na área da saúde?;Decitabina é indicado para tratar um tipo de câncer chamado leucemia mieloide aguda, em adultos com mais de 65 anos de idade.
Biotônico;Em que situações médicas é recomendado o uso de Biotônico?;Biotônico Fontoura é indicado para aumentar o apetite, diminuir o cansaço e a falta de energia, especialmente em casos de anemias e má alimentação, em adultos e crianças.
Pentasa 500;Há alguma condição específica em que o uso de Pentasa 500 é desaconselhado?;O Pentasa não deve ser utilizado em pessoas com hipersensibilidade aos salicilatos ou a qualquer outro componente da formulação.
Mercilon conti;Quais são os possíveis efeitos colaterais associados a Mercilon conti?;Os efeitos colaterais mais comuns que podem ocorrer com o uso do anticoncepcional Mercilon conti são náusea, dor abdominal, aumento de peso corporal, dor de cabeça, humor deprimido e alterações do humor, dor ou sensibilidade mamária.
Zyrtec;Quais são os possíveis efeitos colaterais associados a Zyrtec?;Os efeitos colaterais são ocasionais, de leve intensidade e transitórias, incluindo sonolência, dor de cabeça, tontura, agitação, boca seca e desconforto gastrintestinal.
Cebrilin;De que maneira Cebrilin deve ser administrado?;Os comprimidos de Cebrilin devem ser ingeridos inteiros, sem mastigar, preferencialmente pela manhã, com ou sem alimento, conforme orientação do seu médico.
Infralax;Qual é a posologia recomendada para Infralax?;Como regra geral, a dose mínima diária recomendada é de um comprimido a cada 12 horas.
Fentizol creme dermatológico;Em que situações médicas é recomendado o uso de Fentizol creme dermatológico?;Fentizol creme dermatológico ou spray é indicado para o tratamento de micoses na pele e mucosas, como candidíase, dermatomicoses e Pitiríase versicolor, em adultos e crianças.
Lactaid;Existem reações adversas conhecidas de Lactaid?;Alguns dos efeitos colaterais de Lactaid podem incluir reações alérgicas graves com urticária, coceira, dificuldade em respirar, sensação de aperto no peito, inchaço na boca, face, lábios ou língua.
Binelli;Quais são os possíveis efeitos colaterais associados a Binelli?;Raramente são observadas nas doses recomendadas. Em caso de doses altas ou de sensibilidade aumentada a dropropizina, as reações mais freqüentes consistem em hipotensão (queda da pressão arterial) e sonolência.
Koide D;Quais os males que Koide D pode me causar?;Alguns dos efeitos colaterais de Koide D podem incluir sonolência, urticária, vermelhidão na pele, dificuldade para respirar, aumento da sensibilidade à luz, transpiração excessiva, calafrios e secura da boca, nariz e garganta.
Sotahexal;Em que situações médicas é recomendado o uso de Sotahexal?;"SotaHEXAL é indicado no tratamento de: Arritmias: taquiarritmia ventricular grave; taquiarritmia ventricular não-sustentadasintomática e contrações ventriculares prematuras sintomáticas; tratamento profilático da taquicardia atrial paroxística, fibrilação atrialparoxística, taquicardia paroxística do nó atrioventricular reentrante, taquicardia paroxística reentrante por vias acessórias e taquicardiasupraventricular paroxística após cirurgia cardíaca; manutenção do ritmo sinusal normal após a conversão da fibrilação ou flutter atrial;controle do índice ventricular em pacientes com fibrilação atrial crônica ou flutter atrial; arritmias causadas por excesso de catecolaminascirculantes e aquelas devidas ao aumento da sensibilidade às catecolaminas. Angina pectoris: SotaHEXAL reduz a incidência eseveridade dos ataques de angina e aumenta a tolerância ao exercício. Pode ser usado em todos os casos de angina pectoris incluindocasos severos e intratáveis. Pós-infarto do miocárdio: SotaHEXAL quando administrado dentro de 5 a 14 dias do infarto agudo domiocárdio, produz uma significativa redução no índice de reinfarto e uma tendência de mortalidade mais baixa durante o primeiro anoapós o infarto"
Siludrox;Quais são as instruções para o uso correto de Siludrox?;Siludrox suspensão
Coumadin;Quais são as contraindicações para Coumadin?;Coumadin na gravidez e lactação: você não deve utilizar este medicamento se estiver grávida, exceto se você possuir válvula cardíaca mecânica com alto risco de trombose.
Hidromed;Quais são as contraindicações para Hidromed?;Hidroclorotiazida é contra-indicada para os pacientes com anúria e aqueles que apresentem hipersensibilidade à hidroclorotiazida ou outros fármacos derivados da sulfonamida.
Loprox;O que Loprox pretende tratar?;Este medicamento é destinado ao tratamento de infecções fúngicas das unhas.
Angeliq;Quais os males que Angeliq pode me causar?;Durante os primeiros meses de tratamento, pode ocorrer dor nas mamas e sangramento vaginal em períodos inesperados, que normalmente desaparecem com a continuação do tratamento.
Zytiga 250 mg;Qual é a posologia recomendada para Zytiga 250 mg?;A dose recomendada de Zytiga é de 1000 mg, o que equivale a 4 comprimidos, em uma única toma diária, fora das refeições.
Descon;Para que serve Descon?;Descon é indicado para a terapia sintomática da gripe.
Lasix 40 mg;Qual é o mecanismo de ação de Lasix 40 mg?;O Lasix contém furosemida na sua composição, que apresenta um efeito diurético, o que significa que promove a excreção de urina e efeito anti-hipertensivo, auxiliando no tratamento da pressão alta.
Diurix;Quais são as instruções para o uso correto de Diurix?;Os comprimidos devem ser tomados com líquido, por via oral, da seguinte forma:
Feldene SL;Quais são os potenciais efeitos indesejados de Feldene SL?;Os efeitos colaterais que podem ocorrer com o uso deste remédio são desconforto ou dor abdominal, indigestão, vômitos, enjoo, diarreia, prisão de ventre, excesso de gases no estômago ou intestino, estomatite, gastrite, úlcera no estômago, dor, ardor e coceira no reto ou ânus, sangramento retal, sangramento gastrintestinal e pancreatite.
Remeron;Quais são os riscos para a saúde relacionados ao uso de Remeron?;As reações adversas podem ser semelhantes aos sintomas de depressão.
Gino;Quais são os processos biológicos desencadeados por Gino?;O clotrimazol age contra fungos por meio da inibição da síntese do ergosterol. A inibição da síntese de ergosterol provoca dano estrutural e funcional da membrana citoplasmática.
Coumadin;Quais são os processos biológicos desencadeados por Coumadin?;Coumadin é um anticoagulante que age na inibição dos fatores de coagulação dependentes da vitamina K.
Gaballon;Qual é o propósito principal de Gaballon na área da saúde?;Este medicamento é indicado no tratamento de cansaço físico, mental e anorexia.
Manitol;Qual é a finalidade do medicamento Manitol?;Manitol 20% é indicado para a eliminação de líquidos e prevenção da falência dos rins durante cirurgias cardiovasculares ou após trauma. Pode ser usado no tratamento de edema cerebral, redução da pressão elevada nos olhos, ataque de glaucoma, redução da pressão dentro do crânio e eliminação de substâncias tóxicas pela urina.
Remsima;Quais são os processos biológicos desencadeados por Remsima?;Remsima é um medicamento que tem na sua composição infliximab, um tipo de proteína humana capaz de bloquear a ação de uma proteína específica, fator de necrose tumoral alfa - TNFα, uma proteína que está envolvida nos processos inflamatórios do corpo. Assim, ao bloquear a ação desta proteína, Remsima é capaz de ajudar a tratar doenças inflamatórias, reduzindo a inflamação no corpo, o que conduz a uma redução dos sinais e sintomas da doença e a uma melhoria da função física.
Arnica Weleda;Como Arnica Weleda atua no organismo para produzir seus efeitos?;A Arnica Weleda age em primeira linha através do estímulo das forças auto curativas do organismo e age como estimulante e harmonizador dos processos metabólicos e formativos para regeneração do organismo após lesões de órgãos ou tecidos, particularmente após insultos mecânicos e isquêmicos.
Atensina comprimidos;Para que serve Atensina comprimidos?;Atensina é indicada para o controle da pressão alta, em adultos.
Dimezin;Qual é a posologia recomendada para Dimezin?;Você deve engolir o comprimido com um pouco de água.Aspecto físico: Comprimido circular de cor branca.Características Organolépticas: Os comprimidos de Dimezin , não apresentam características organolépticas marcantes que permitam suadiferenciação em relação a outros comprimidos.Posologia: Tomar 1 comprimido 3 vezes ao dia, às refeições.  Essa  dose  poderá  ser  aumentada  à critério médico.SIGA CORRETAMENTE O MODO DE USAR. NÃO DESAPARECENDO  OS  SINTOMAS,  PROCURE ORIENTAÇÃO MÉDICA OU DE SEU CIRURGIÃO- DENTISTA.
Frademicina;Quais são as instruções para o uso correto de Frademicina?;"Adultos: oral: 500 mg (1 capsula) tres vezes ao dia. intramuscular: 600 mg (2 ml) cada 24 horas. grave: oral: 500 mg (ou mais) quatro vezes ao dia. intramuscular: 600 mg (2 ml) cada 12 horas. endovenosa: 600 mg (2 ml) cada 8 a 12 horas. Administrar em infusao de 5% de glicose em agua ou solucao salina normal, conforme demonstrado abaixo. - criancas** oral: 30 mg/kg/dia em 3 ou 4 doses iguais. intramuscular. 10 mg/kg/ cada 24 horas. grave: oral: 60 mg/kg/dia em 3 ou 4 doses iguais. intramuscular: 10 mg/kg cada 12 horas. endovenosa: 10 a 20 mg/kg/dia em duas ou três doses em intervalos de 8 a 12 horas. Administrar como infusão diluída, como para adultos. frademicina xarope: Crianças acima de um mes de idade. Peso: dosagem (1 colher das de chá equivale a 5 ml). 5-7 kg: 1/4 de colher das de chá, quatro vezes ao dia. 7-15 kg: 1/2 colher de chá, quatro vezes ao dia, 15-23 kg: 1 colher das de chá, três vezes ao dia, 23-30 kg: 1 colher das de chá, 4 vezes ao dia. 30-45 kg: 2 colheres das de chá, 3 vezes ao dia. acima de 45 kg: 2 colheres das de chá, 4 vezes ao dia. Dosagem calculada por 30 a 60 mg/kg/dia. nota: (para melhor absorção, recomenda-se que nada seja ingerido, exceto agua, durante um periodo de 1 a 2 horas antes e depois da administração oral de frademicina. **acima de um mes de idade). em infeccoes por estreptococos beta-hemoliticos, continuar o tratamento durante pelo menos 10 dias, para diminuir a possibilidade de febre reumatica ou glomerulonefrite subsequentes. doses endovenosas sao aplicadas na base de 1 g de frademicina diluida em nao menos de 100 ml de solucao apropriada, administrada como infusao por periodo nao inferior a 1 hora. doses de 600 mg, 1 g, 2 g, 3 g, e 4 g correspondem respectivamente a volume de diluente de 100, 100, 200, 300, 400 ml e a um tempo de administracao de 1, 1, 2, 3, e 4 horas. estas doses podem ser aumentadas quantas vezes forem necessarias, respeitando o tempo de administracao e a dose maxima diaria de 8 g. frademicina e fisicamente compativel para 24 horas a temperatura ambiente, a nao ser que haja outra indicacao, com as seguintes solucoes: para infusao: dextrose 5% e 10%, dextrose salina 5% e 10%, solucao de ringer, lactato de sodio 1/6 molar, traver 10%, eletrolito no1; dextran fisiologico 6% p/v. solucoes com antibioticos para infusao: penicilina g sodica (satisfatoria para 4 horas), cefalotina, tetraciclina hcl, cefaloridina, colistimetato (satisfatorio para 4 horas), ampicilina, meticilina, cloranfenicol, polimixin b sulfato. soluções vitaminadas para infusão: complexo b e complexo b com acido ascorbico."
Artane;Qual é a finalidade do medicamento Artane?;É indicado como coadjuvante no tratamento de todas as formas de parkinsonismo (pós-encefalítico, arteriosclerótico e idiopático. É freqüentemente útil como terapia adjuvante ao se tratar estas formas de parkinsonismo levodopa. Além disso, é indicado para controle de distúrbios extrapiramidais, causados por medicamentos que agem sobre o sistema nervoso central como as benzodiazepinas, fenotiazinas, tioxantenos e butirofenonas.
Aristab;Quais são os potenciais efeitos indesejados de Aristab?;Alguns dos efeitos colaterais de de Aristab incluem náusea, vômito, prisão de ventre, dor de cabeça, tontura, agitação e dificuldade em estar parado, ansiedade, insônia, inquietação, sedação e tremores.
Dunason;Quando não devo usar Dunason?;A administração de Dunason é contraindicada a pacientes com alergia ao Sulfato de Condroitina ou a outros componentes da fórmula.
Cativa;Quais os males que Cativa pode me causar?;Não existem informações sobre efeitos colaterais do uso deste suplemento.
Naricin;Quais são os riscos para a saúde relacionados ao uso de Naricin?;Decorridas 6 horas após a aplicação, instala-se uma hiperemia reativa de breve duração. Pode ocorrer um certo grau de acometimento da função normal do epitélio ciliado nasal. - Interações medicamentosas: o uso concomitante de Naricin Nasal e inibidores de monoaminoxidase (MAO) pode originar crises hipertensivas. - Superdosagem: os sinais e sintomas observados foram: alteração do pulso, palidez, transpiração intensa, pupilas dilatadas e elevação da pressão sangüínea.
Isketam;Quando não devo usar Isketam?;Isketam é contraindicado em pacientes que apresentem hipersensibilidade a quaisquer dos componentes de sua fórmula. isketam não deve ser administrado durante a gravidez e a lactação. Isketam também é contraindicado nos casos de psicoses agudas ou crônicas, independente da etiologia.
Serenata;Quais são as instruções para o uso correto de Serenata?;Deve-se tomar uma dose única pela manhã ou à noite, com ou sem alimentos, de preferência à mesma hora. A dose pode ser de 50 mg ou 100 mg, indicada pelo médico de acordo com as necessidades da pessoa.
Hirudoid;Como funciona Hirudoid?;Hirudoid diminui a inflamação, com o alívio da dor, redução do inchaço e da vermelhidão de áreas com varizes ou manchas roxas decorrentes de contusões ou cirurgias ou em outrassituações semelhantes.
Serofene;Quais são os riscos para a saúde relacionados ao uso de Serofene?;Alguns dos efeitos colaterais de Serofene podem incluir ondas de calor, desconforto abdominal, aumento dos ovários, visão turva e embaçada, náusea, vômito, depressão, fadiga, tontura, insônia, dores de cabeça, pequenas perdas de sangue, dores nos seios, urticária, aumento da frequência urinária e queda de cabelo.
Sonebon;Quais são os riscos para a saúde relacionados ao uso de Sonebon?;As reações adversas estão ligadas à dose e à susceptibilidade individual. Sonolência (que está sujeita à idade), hipotonia muscular e sensação de embriaguez podem ser descritas como reações adversas. Alguns indivíduos podem apresentar irritabilidade, agressividade, superexcitação e síndrome de confusão onírica. Ligada à sensibilidade individual, podemos ter erupção cutânea do tipo maculopápula pruriginosa. A interrupção abrupta pode provocar reações que vão desde irritabilidade, ansiedade, mialgia, tremores, reincidência da insônia e vômitos, até convulsões isoladas e estados de mal mioclônico com síndrome de confusão.
Icaden;Quais são os possíveis efeitos colaterais associados a Icaden?;O efeito colateral mais frequente é a irritação, com sensação de queimação, no local de aplicação da pomada.
BetaTrinta;Quais são os riscos para a saúde relacionados ao uso de BetaTrinta?;Alguns dos efeitos colaterais de BetaTrinta podem incluir alterações nos tendões, músculos ou nervos, problemas intestinais ou de estômago, problemas de pele, problemas neurológicos ou psiquiátricos, falta ou excesso de pigmentação na pele, vermelhidão, inchaço e coceira no local da injeção.
Proflam;Há alguma condição específica em que o uso de Proflam é desaconselhado?;Este remédio não deve ser usado em pessoas com alergia a qualquer componente da fórmula, crianças menores de 12 anos, grávidas e mulheres a amamentar, pessoas com broncoespasmo, urticária ou rinite aguda devido ao ácido acetilsalicílico ou a outros anti-inflamatórios não-esteroidais.
Migral;Quando não devo usar Migral?;Em pacientes portadores de alguma lesão gástrica, dispepsia, no primeiro trimestre da gravidez, hipertensão, doença vascular periférica, cardíaca, renal ou hepática.
Cataflam comprimido;Quais são os riscos para a saúde relacionados ao uso de Cataflam comprimido?;Algumas reações adversas mais comuns que podem ocorrer com o uso de Cataflam são dor de cabeça, tontura, náusea, vômito, diarréia, indigestão, dor abdominal, flatulência, perda do apetite, mudança na função do fígado e vermelhidão na pele com ou sem descamação.
Cardizem Cd;Há alguma condição específica em que o uso de Cardizem Cd é desaconselhado?;"Diltiazem é contra-indicado em bloqueio sinoatrial, síndrome do nódulo sinusal, exceto em pacientes em uso de marcapasso, bloqueio atrioventricular de 2º ou 3º graus, insuficiência cardíaca descompensada, PA sistólica menor do que 90 mmHg, bradicardia intensa (pulso inferior a 55 bpm); hipersensibilidade à substância ativa; contra-indicado a crianças, gestantes e lactantes (diltiazem se difunde para o leite materno); infarto agudo do miocárdio com congestão pulmonar."
Vitanol A;Quais são os possíveis efeitos colaterais associados a Vitanol A?;Poderão ocorrer vermelhidão e ardor local transitórios, considerados normais na terapia com tretinoína.
Cardizem Sr;Qual é o propósito principal de Cardizem Sr na área da saúde?;"Hipertensão arterial leve e moderada; angina pectoris vasoespástica (de repouso, com elevação do segmento ST, angina de Prinzmetal); angina pectoris crônica, estável e de esforço; coronariopatias isquêmicas com hipertensão arterial e (ou) taquicardia; estados anginosos pós-infarto do miocárdio."
Para que serve o Motilium;Quais são os possíveis efeitos colaterais associados a Para que serve o Motilium?;Os efeitos colaterais mais comuns que podem ocorrer durante o tratamento com Motilium são depressão, ansiedade, diminuição ou perda do desejo sexual, dor de cabeça, sonolência, inquietação, diarreia, erupção cutânea, coceira, aumento e sensibilidade das mamas, galactorreia, suspensão da menstruação, menstruação irregular e fraqueza muscular.
Firazyr;Quais são os possíveis efeitos colaterais associados a Firazyr?;Os efeitos colaterais mais comuns são contusões, hematoma, dormência, edema, sensação de pressão, ardor, coceira e irritação da pele, vermelhidão da pele, queimação, dor, inchaço e coceira.
Proflam;Quais são os princípios do funcionamento de Proflam?;O Proflam contém aceclonefano, que tem ação anti-inflamatória não-esteroidal, apresentando por isso efeitos na inflamação, e possuindo propriedades analgésicas, o que leva ao alívio de diversas condições dolorosas.
Mestinon;Como funciona Mestinon?;A piridostigmina, como os demais medicamentos pertencentes ao mesmo grupo, é absorvidaapenas parcialmente pelo trato gastrintestinal. A biodisponibilidade, após administração oral, é de3 a 8%. As concentrações plasmáticas máximas, estando o paciente em jejum, são alcançadasentre 1½ a 2 horas, após a ingestão de 120 mg de piridostigmina. Quando o produto é ingeridojuntamente com as refeições, a concentração aumenta mais lentamente.O volume médio de distribuição é de 1,4 litros/kg de peso. A piridostigmina não se ligafortemente às proteínas plasmáticas e não atravessa a barreira hematoencefálica.Com respeito ao tempo de meia-eliminação, os valores médios estão situados em torno de 1½hora. Em alguns casos, este tempo pode triplicar. O clearance plasmático médio, em indivíduossadios, varia entre 0,36 e 0,65 l/h/kg. Não existem dados conclusivos sobre a possibilidade deacúmulo da piridostigmina inalterada ou de metabólitos ativos no organismo. Na prática clínica,este ponto reveste-se de menor importância, uma vez que a posologia do Mestinon deve sersempre adaptada a cada caso em particular.A piridostigmina é eliminada em sua maior parte (75 - 81%) sob forma inalterada por via renal.Uma pequena fração (18-21%) aparece na urina sob a forma de metabólito3-hidroxi-N-metil-piridina. Outros metabólitos não identificados representam 1 a 4% do total erevestem-se de pouca importância.As concentrações plasmáticas necessárias para a obtenção do efeito terapêutico no tratamento damiastenia gravis são de 20 a 60 ng/ml.As alterações da função hepática não exercem qualquer influência importante sobre a cinética dapiridostigmina. No caso de insuficiência renal devido à idade ou em decorrência de uma doença,o tempo de meia-eliminação pode estar quadruplicado, e o clearance plasmático pode reduzir-seà quinta parte de seu valor normal.
Frontal XR;Quais são os riscos para a saúde relacionados ao uso de Frontal XR?;Os efeitos colaterais de Frontal XR, se presentes, geralmente são observados no início do tratamento e habitualmente desaparecem com a continuidade do tratamento ou diminuição da dose.Informe ao seu médico do aparecimento de qualquer reação desagradável durante o tratamento com Frontal XR. Os eventos adversos associados ao tratamento com alprazolam em pacientes participantes de estudos clínicos controlados foram os seguintes: Reações muito comuns (ocorrem em 10% ou mais dos pacientes que utilizam este medicamento): sedação e sonolência. Reações comuns (ocorrem entre 1% e 10% dos pacientes que utilizam este medicamento): diminuição do apetite, confusão, depressão, desorientação (confusão mental), diminuição da libido (desejo sexual), ataxia (dificuldade na coordenação motora), perturbação do equilíbrio, falta de coordenação motora, comprometimento da memória, disartria (fala empastada), dificuldades de concentração, hipersonia (aumento do sono), letargia (entorpecimento), tontura, dor de cabeça, visão turva, constipação, boca seca, náusea, fadiga (cansaço) e irritabilidade. Reações incomuns (ocorrem entre 0,1% e 1% dos pacientes que utilizam este medicamento): ansiedadeinsônia (dificuldade para dormir), nervosismoamnésia, tremor, fraqueza múscular (dos músculos) e alteração do peso. Na experiência pós-comercialização, os seguintes eventos adversos adicionais foram relatados: Reações comuns (ocorrem entre 1% e 10% dos pacientes que utilizam este medicamento): sensação de cabeça vazia, Reações incomuns (ocorrem entre 0,1% e 1% dos pacientes que utilizam este medicamento): hiperprolactinemia (aumento da prolactina no sangue), hipomania, mania (estado de euforia), alucinações, raiva, comportamento agressivo ou hostil, agitação, alterações da libido, pensamentos invasivos, pensamento anormal, hiperatividade psicomotora, estimulação, distonia (contração involuntária da musculatura, lenta e repetitiva), alterações gastrintestinais (do sistema digestivo: boca seca, obstipação, diarreia, náuseas/vômitos, salivação aumentada), hepatite (inflamação do fígado), função hepática anormal (problemas no fígado), icterícia (coloração amarelada da pele e mucosas por acúmulo de pigmentos biliares), dermatite (inflamação da pele), incontinência urinária (dificuldade de controlar a urina), retenção urinária, disfunção sexual, irregularidades menstruais e aumento da pressão intraocular (aumento da pressão dentro do olho). Frequência desconhecida: desequilíbrio autonômico do sistema nervoso (manifestações do sistema nervoso autônomo, como aumento da frequência cardíaca, hipotensão ao ficar em pé, dilatação da pupila, entre outros), angioedema (inchaço das mucosas, que pode afetar as vias aéreas), edema periférico (inchaço dos membros), vertigem, síncope (desmaio), acatisia (inquietação interna com dificuldade de ficar parado), rigidez, taquicardia/palpitações, alergia, congestão nasal, crises convulsivas (crises epilépticas repetidas), prurido (coceira), diplopia (visão dupla) e disartria.As reações adversas mais comuns em pacientes com transtorno do pânico avaliadas durante estudos clínicos, que foram mais frequentemente observadas do que com placebo, foram: sedação, sonolência, fadiga, ataxia e fala pastosa. As reações adversas menos comuns foram: humor alterado, sintomas gastrintestinais, dermatite, problemas de memória, disfunção sexual, comprometimento intelectual e confusão. Também foram relatados tontura, insônia, dor de cabeça, distúrbio cognitivo (do pensamento), disartria, ansiedade, movimento involuntário anormal, diminuição ou aumento ou alteração (não especificada) da libido, depressão, contração muscular, fraqueza, distúrbios do tônus (da força) muscular, síncope, acatisia, desinibição, parestesia(diminuição da sensibilidade), loquacidade (ato de falar anormal, intensa e aceleradamente), distúrbios vasomotores (caracterizados por ondas de calor, suor noturno, palpitações cardíacas, náuseas, tontura, ansiedade, insônia), sensação de desrealização, anormalidades dos sonhos, medo, sensação de calor, congestão nasal (do nariz), taquicardia (aceleração dos batimentos do coração), dor torácica (no peito ou nas costas), hiperventilação (aceleração da respiração), infecção das vias aéreas superiores (garganta e nariz), visão turva (ver desfocado), zumbidos, cãibras e rigidez muscular, sudorese (suor excessivo), exantema (pele avermelhada), apetite aumentado ou diminuído, ganho ou perda de peso, dificuldades de micção (de urinar), distúrbios menstruais, edema (inchaço), incontinência urinária, infecção, crises convulsivas, despersonalização, alterações do paladar, diplopia, bilirrubina elevada, enzimas hepáticas (do fígado) elevadas e icterícia.Em muitos dos relatos de casos espontâneos de efeitos comportamentais adversos, os pacientes estavam recebendo outros fármacos (medicamentos) de ação no sistema nervoso central concomitantemente e/ou tinham doenças psiquiátricas subjacentes. Se ocorrer algum desses eventos adversos, a administração de Frontal XRdeve ser interrompida. Relatos publicados isolados que envolveram números pequenos de pacientes sugeriram que os pacientes que apresentam um distúrbio de personalidade limítrofe, história de comportamento violento ou agressivo pregresso ou abuso de bebidas alcoólicas ou outras substâncias, podem ser pacientes de risco para esses eventos. Foram relatados casos de irritabilidade, hostilidade e pensamentos invasivos durante a interrupção da administração de alprazolam em pacientes com distúrbio de estresse pós-traumático.As frequências das reações adversas em pacientes com transtorno do pânico e em pacientes com distúrbio de estresse pós-traumático não foram estabelecidas.Informe ao seu médico, cirurgião-dentista ou farmacêutico o aparecimento de reações indesejáveis pelo uso do medicamento. Informe também à empresa através do seu serviço de atendimento.
Codein;Quais os males que Codein pode me causar?;Alguns dos efeitos colaterais de Codein podem incluir prisão de ventre, sonolência, urticária na pele, inchaço na face, dificuldade em respirar, inchaço, broncoespasmo, espasmo da laringe, confusão, alteração na pulsação, diminui a diminuição de urina, visão dupla ou embaçada, secura na boca, desconforto geral, tensão baixa, perda de apetite, náusea, vômito, vermelhidão, inchaço, dor, sensação de queimação no local da injeção, tontura, sensação de desmaio ou espasmo da uretra.
Omnaris;Qual é a posologia recomendada para Omnaris?;Geralmente, a dose recomendada para adultos e crianças com mais de 6 anos de idade é de duas doses, 2 jatos, em cada uma das narinas, 1 vez por dia, equivalente a 200 mcg de Omnaris por dia, a dose máxima recomendada.
Neotoss;Quais são as orientações específicas para utilizar Neotoss?;Xarope adulto: adultos e crianças acima de 12 anos: 1 copo-medida (10 ml) 3 a 4 vezes ao dia. Xarope infantil: crianças de 3 a 12 anos: 1 copo-medida (10 ml) 3 a 4 vezes ao dia. Crianças de 1 a 3 anos: 1/2 copo-medida (5 ml) 3 a 4 vezes ao dia. Crianças de 6 meses a 1 ano: 1/4 copo-medida (2,5 ml) 3 a 4 vezes ao dia. Gotas: adultos e crianças acima 12 anos: 30 gotas 3 a 4 vezes ao dia. Crianças de 3 a 12 anos: 15 gotas 3 a 4 vezes ao dia. Crianças de 1 a 3 anos: 7 gotas 3 a 4 vezes ao dia. Crianças 6 meses a 1 ano: 4 gotas 3 a 4 vezes ao dia. - Superdosagem: as manifestações de superdosagem maciça de dropropizina são sintomas de hipotensão ortostática e sonolência, não se conhece antídoto específico. O tratamento usual em superdosagem aguda é a indução de vômito ou a administração de carvão ativado, o mais precocemente possível. Esses procedimentos devem ser realizados na ausência de contra-indicações específicas (por ex.: indução de vômito em pessoas inconscientes). A lavagem gástrica somente é útil se aplicada muito precocemente, pela rápida absorção intestinal da dropropizina.
Cliane comprimidos;O que Cliane comprimidos pretende tratar?;O Cliane é indicado para o tratamento dos distúrbios decorrentes da deficiência estrogênica, tais como sudorese e ondas de calor, incluindo profilaxia da osteoporose, e atrofia urogenital em mulheres na menopausa há pelo menos um ano.
Victan;Existem situações em que o uso de Victan não é recomendado?;Victan está contraindicado para crianças, pacientes com doenças respiratórias como insuficiência respiratória grave, doença ou problemas no fígado ou rins, pacientes com doenças musculares como miastenia gravis, apneia do sono e para pacientes com alergia ao Loflazepato de Etilo ou a outros componentes da fórmula.
Feldene SL;Em que circunstâncias eu não deveria utilizar Feldene SL?;O Feldene SL não deve ser usado para tratar a dor da cirurgia para revascularização do miocárdio nem em pessoas com alergia conhecida ao piroxicam ou a outros componentes da fórmula.
Katrizan;Quais são os potenciais efeitos indesejados de Katrizan?;Efeito colateral comum: Podem ocorrer reações alérgicas locais, limitadas ao local de aplicação em cerca de 1,5% dos pacientes.
Almeida Prado 28;Quais os males que Almeida Prado 28 pode me causar?;Não são relatados e conhecidos males e limitações de uso dos medicamentos homeopáticos. Em caso de sintomas que causem mal estar durante o tratamento, procure seu médico ou farmacêutico.
Orviax;Existem reações adversas conhecidas de Orviax?;Em alguns casos Orviax pode causar reações de alergia com sintomas como vermelhidão, coceira, inchaço ou bolinhas vermelhas na pele. Em casos mais graves pode mesmo surgir falta de ar e dificuldade para respirar.
Drenol;Em que situações médicas é recomendado o uso de Drenol?;Tratamento da hipertensão arterial, quer isoladamente ou em associação com outras drogas anti-hipertensivas nos casos mais severos de hipertensão. Está indicado também no tratamento dos edemas associados à insuficiência cardíaca congestiva, cirrose hepática e terapia com corticosteróides ou estrógenos. Drenol também é eficaz no edema relacionado a várias formas de disfunção renal, como síndrome nefrótica, glomerulonefrite aguda e insuficiência renal crônica.
Rekovelle;Quais são os princípios do funcionamento de Rekovelle?;A substância ativa de Rekovelle é a folitropina delta, que é uma cópia do hormônio FSH, normalmente produzida pela mulher, sendo responsável por estimular a produção de óvulos nos ovários.
Beritin;Quais são as instruções para o uso correto de Beritin?;A dose de Beritin pode ser tomada uma só vez por dia, à noite ou ao deitar, ou dividido em duas doses:
Teflan;Para que serve Teflan?;"No tratamento sintomático das seguintes doenças inflamatórias e degenerativas dolorosas do sistema músculo-esquelético: artrite reumatóide; osteoartrite; osteoporose; espondilite anquilosante; afecções extra-articulares como tendinite, bursite, periartrite dos ombros ou dos quadris; gota aguda, distensões ligamentares e entorses; dor pós-operatória."
Enxak;Quais são os princípios do funcionamento de Enxak?;Enxak é um medicamento que tem na sua composição Mesilato de di-hidroergotamina que age no sistema nervoso central e ajuda no alívio da dor de cabeça causada pela a enxaqueca.
Cicatrene;Qual é o mecanismo de ação de Cicatrene?;Cicatrene é um medicamento que tem dois antibióticos na sua composição, neomicina e a bacitracina zíncica, que justos são capazes de inibir vários tipos de bactérias, especialmente as que geralmente causam infecções de pele e nas mucosas.
Nifelat 20/50;Existem reações adversas conhecidas de Nifelat 20/50?;Embora seja raro, pode ocorrer no início do tratamentodor de cabeça, rubor facial, sensações de pressão na cabeça e/ou calor no rosto, inchaço nas pernas ou pés, náuseas, vertigens, mal-estar gástrico, frio nas extremidades, fadiga muscular e olhos secos, que geralmente desaparecem com o decorrer do tratamento ou com a interrupção deste.
Propranolol;De que maneira Propranolol deve ser administrado?;A posologia depende do problema a tratar:
Multigrip;Quais são os riscos para a saúde relacionados ao uso de Multigrip?;Os efeitos colaterais mais comuns que podem ocorrer com o uso de Multigrip são sonolência, náuseas, dor ocular, tontura, palpitações, boca seca, desconforto no estômago, diarreia, tremor e sede.
Bactrim;Qual é o mecanismo de ação de Bactrim?;O Bactrim tem na sua constituição trimetoprima e sulfametoxazol.
Azimix comprimidos;O que Azimix comprimidos pretende tratar?;Azimix comprimido de 250 ou 500 mg é indicado no tratamento das infecções das vias aéreas, como, otite média, sinusite, rinite, amigdalite, laringite, bronquite, broncopneumonia e pneumonia.
Privina;Quais são as instruções para o uso correto de Privina?;A dose recomendada é uma gota em cada narina, até 4 vezes por dia.
Lipomax;Quais são os processos biológicos desencadeados por Lipomax?;Lipomax contém na sua fórmula fibra alimentar e fibra de polissacarídeo que, ao ser ingerida com água, transforma-se em uma espécie de goma que captura a gordura presente na alimentação, impedindo a sua digestão e absorção. A vitamina C aumenta os seus efeitos melhorando, ainda mais, a absorção das células de gordura.
Daktarin 20 mg;Existem situações em que o uso de Daktarin 20 mg não é recomendado?;Daktarin está contraindicado para pacientes com alergia ao Nitrato de Miconazol ou a outros componentes da fórmula.
Seretide Diskus;Quais são os potenciais efeitos indesejados de Seretide Diskus?;Estão listadas abaixo todas os efeitos colaterais associados aos componentes individuais, xinafoato de salmeterol e propionato de fluticasona.
Cataflam gotas;Para que serve Cataflam gotas?;Indicado para aliviar a dor causada por artrite juvenil crônica, entorses, inflamação no pós-operatório, infeções do nariz, ouvido ou garganta ou problemas ginecológicos como cólica menstrual.
Sigmasporin Microral;O que Sigmasporin Microral pretende tratar?;"Sigmasporin Microral é usado após transplante de rim, fígado, pâncreas, coração, pulmão ou medula óssea. Foi demonstrado que inibe as reações do organismo contra os tecidos ""estranhos"", para prevenir rejeição e garantir funcionamento adequado do órgão ou medula óssea transplantados. Sigmasporin Microral também é usado para o tratamento de algumas formas de uveíte posterior (doença inflamatória de uma das camadas internas do olho), síndrome nefrótica, artrite reumatóide ativa severa e psoríase severa."
Sylvant;Como Sylvant atua no organismo para produzir seus efeitos?;Sylvant é um medicamento que tem na sua composição o composto Siltuximab, composto responsável por se ligar à interleucina-6, o que previne a ligação da interleucina-6 aos seus receptores. Desta forma, é possível garantir alguns processos fisiológicos normais, como a produção de imunoglobulinas, que ajudam a melhorar o sistema imune.
Coversyl plus;Quais são os possíveis efeitos colaterais associados a Coversyl plus?;Os efeitos colaterais mais comuns que podem ocorrer com o uso deste medicamento são tonturas ou desmaios graves devido à pressão baixa, reações cutâneas, dor de cabeça, tonturas, vertigem, sensação de formigamento, distúrbios da visão, zumbido, tosse, falta de ar, distúrbios gastrointestinais, reações alérgicas, câimbras e sensação de cansaço.
Xeljanz;Em que circunstâncias eu não deveria utilizar Xeljanz?;Xeljanz está contraindicado para crianças e adolescentes com menos de 18 anos, pacientes com doença grave no fígado e para pacientes com alergia ao Citrato de Tofacitinibe ou a outros componentes da fórmula.
Xyloproct pomada;Há alguma condição específica em que o uso de Xyloproct pomada é desaconselhado?;Xyloproct pomada está contraindicado para pacientes com alergia a anestésicos locais, para tratar infecções causadas por vírus, bactérias, fungos patogênicos ou parasitas e para pacientes com alergia à lidocaína, ao hidrocortisona, ao subacetato de alumínio, ao óxido de zinco ou a algum dos componentes da fórmula.
Caverject;Quais são as contraindicações para Caverject?;"Pacientes com reconhecida hipersensibilidade a este medicamento; pacientes com condições predisponentes ao priapismo, tais como, anemia ou doença falciforme, mieloma múltiplo ou leucemia; pacientes com deformação anatômica do pênis (angulação, fibrose cavernosa ou doença de Peyronie). Caverject não deve também ser utilizado por pacientes com implantes penianos, nem por pacientes cuja atividade sexual seja contra-indicada ou não-recomendada. Caverject não deve ser utilizado, para outras indicações, em mulheres ou recém-nascidos."
Daflon 1000;Em que situações médicas é recomendado o uso de Daflon 1000?;O Daflon 1000 é um remédio indicado para o tratamento das manifestações da insuficiência venosa crônica, funcional e orgânica, dos membros inferiores, tratamento dos sintomas funcionais relacionados à insuficiência venosa do plexo hemorroidário, alívio dos sinais e sintomas pré e pós operatórios de safenectomia, alívio dos sinais e sintomas pós-operatórios de hemorroidectomia e alívio da dor pélvica crônica associada à Síndrome da Congestão Pélvica.
Butacid;Como Butacid atua no organismo para produzir seus efeitos?;O Butacid tem na sua composição fenilbutazona, que age inibindo a ciclo-oxigenase, enzima responsável por produzir as substâncias que causam a inflamação, a dor e a febre.
Hexomedine;Existem situações em que o uso de Hexomedine não é recomendado?;Não deve ser usado por crianças com menos de 3 anos de idade, mulheres grávidas ou que estejam a amamentar e por pessoas com alergia a qualquer componente da fórmula.
